ALO Lidar Data on 20200111

UT (hour) for each column
   5.0000    5.1000    5.2000    5.3000    5.4000    5.5000    5.6000    5.7000 
Altitudes (km) for each row
   80.000    80.500    81.000    81.500    82.000    82.500    83.000    83.500    84.000    84.500    85.000    85.500    86.000    86.500    87.000    87.500    88.000    88.500    89.000    89.500    90.000    90.500    91.000    91.500    92.000    92.500    93.000    93.500    94.000    94.500    95.000    95.500    96.000    96.500    97.000    97.500    98.000    98.500    99.000    99.500   100.000   100.500   101.000   101.500   102.000   102.500   103.000   103.500   104.000   104.500   105.000   105.500   106.000   106.500   107.000   107.500   108.000   108.500   109.000   109.500   110.000   110.500   111.000   111.500   112.000   112.500   113.000   113.500   114.000   114.500   115.000 

Na Density (cm^(-3))
 -9.9900e+02  -9.9900e+02  -9.9900e+02   7.5821e+00   7.4503e+00   8.1139e+00   1.7202e+01   1.2458e+01 
 -9.9900e+02  -9.9900e+02  -9.9900e+02   6.8527e+00   7.1664e+00   8.2453e+00   1.5578e+01   1.2872e+01 
 -9.9900e+02  -9.9900e+02  -9.9900e+02   4.9234e+00   4.9264e+00   7.6979e+00   1.0667e+01   1.9400e+01 
 -9.9900e+02  -9.9900e+02  -9.9900e+02   5.9511e+00   7.1145e+00   7.6020e+00   9.8927e+00   1.8180e+01 
 -9.9900e+02  -9.9900e+02  -9.9900e+02   9.4445e+00   8.8493e+00   8.4128e+00   1.1365e+01   2.0673e+01 
 -9.9900e+02  -9.9900e+02  -9.9900e+02   9.3575e+00   1.0608e+01   1.2258e+01   1.8651e+01   1.9199e+01 
 -9.9900e+02  -9.9900e+02  -9.9900e+02   8.2242e+00   1.0402e+01   1.3193e+01   2.0935e+01   1.9607e+01 
  1.5252e+02  -9.9900e+02  -9.9900e+02   2.5139e+01   2.1766e+01   4.6463e+01   6.3240e+01   2.4700e+01 
  5.0118e+02  -9.9900e+02  -9.9900e+02   1.5013e+02   1.2284e+02   3.1397e+02   4.0984e+02   8.6583e+01 
  1.0760e+03  -9.9900e+02  -9.9900e+02   5.8954e+02   5.5282e+02   9.0086e+02   9.8333e+02   3.3434e+02 
  1.3590e+03  -9.9900e+02  -9.9900e+02   1.1774e+03   1.1695e+03   1.4259e+03   1.4073e+03   8.0137e+02 
  1.4884e+03  -9.9900e+02  -9.9900e+02   1.6144e+03   1.6014e+03   1.6736e+03   1.5914e+03   1.1114e+03 
  1.6752e+03  -9.9900e+02  -9.9900e+02   1.7817e+03   1.7540e+03   1.7291e+03   1.6122e+03   1.1735e+03 
  1.8961e+03  -9.9900e+02  -9.9900e+02   1.7738e+03   1.7504e+03   1.7177e+03   1.5969e+03   1.2346e+03 
  2.1181e+03  -9.9900e+02  -9.9900e+02   1.7543e+03   1.7401e+03   1.7281e+03   1.6166e+03   1.3162e+03 
  2.1927e+03  -9.9900e+02  -9.9900e+02   1.7731e+03   1.7557e+03   1.7508e+03   1.6539e+03   1.4086e+03 
  2.1393e+03  -9.9900e+02  -9.9900e+02   1.7899e+03   1.7848e+03   1.8164e+03   1.7436e+03   1.4915e+03 
  2.0911e+03  -9.9900e+02  -9.9900e+02   1.8104e+03   1.8153e+03   1.8565e+03   1.8013e+03   1.5741e+03 
  2.0250e+03  -9.9900e+02  -9.9900e+02   1.8232e+03   1.8035e+03   1.8020e+03   1.7480e+03   1.5909e+03 
  1.9571e+03  -9.9900e+02  -9.9900e+02   1.7573e+03   1.7386e+03   1.7375e+03   1.6665e+03   1.5255e+03 
  1.9506e+03  -9.9900e+02  -9.9900e+02   1.6754e+03   1.6708e+03   1.7134e+03   1.6304e+03   1.4814e+03 
  1.9772e+03  -9.9900e+02  -9.9900e+02   1.6327e+03   1.6569e+03   1.7681e+03   1.6498e+03   1.4834e+03 
  2.0643e+03  -9.9900e+02  -9.9900e+02   1.6245e+03   1.7066e+03   1.9416e+03   1.7301e+03   1.5591e+03 
  2.1797e+03  -9.9900e+02  -9.9900e+02   1.7660e+03   1.8947e+03   2.1881e+03   1.8756e+03   2.0034e+03 
  2.3776e+03  -9.9900e+02  -9.9900e+02   2.1633e+03   2.2639e+03   2.4432e+03   2.1674e+03   2.5745e+03 
  2.5820e+03  -9.9900e+02  -9.9900e+02   2.5320e+03   2.5744e+03   2.6628e+03   2.5454e+03   2.7391e+03 
  2.7296e+03  -9.9900e+02  -9.9900e+02   2.7531e+03   2.8194e+03   2.8637e+03   2.7891e+03   2.6941e+03 
  2.9222e+03  -9.9900e+02  -9.9900e+02   2.8573e+03   2.8747e+03   2.8500e+03   2.7133e+03   2.8309e+03 
  3.1195e+03  -9.9900e+02  -9.9900e+02   2.7170e+03   2.6498e+03   2.5915e+03   2.5056e+03   3.0087e+03 
  3.1114e+03  -9.9900e+02  -9.9900e+02   2.4681e+03   2.4656e+03   2.3887e+03   2.3434e+03   3.0068e+03 
  2.8898e+03  -9.9900e+02  -9.9900e+02   2.3980e+03   2.5155e+03   2.4201e+03   2.4408e+03   2.9461e+03 
  2.5349e+03  -9.9900e+02  -9.9900e+02   2.5730e+03   2.7507e+03   2.6665e+03   2.7241e+03   2.8669e+03 
  2.3580e+03  -9.9900e+02  -9.9900e+02   2.8154e+03   2.9326e+03   2.8725e+03   2.8835e+03   2.7644e+03 
  2.4895e+03  -9.9900e+02  -9.9900e+02   2.9245e+03   2.9406e+03   2.9124e+03   2.9022e+03   2.7250e+03 
  2.6872e+03  -9.9900e+02  -9.9900e+02   2.8534e+03   2.8298e+03   2.8630e+03   2.8839e+03   2.4987e+03 
  2.7616e+03  -9.9900e+02  -9.9900e+02   2.7098e+03   2.6737e+03   2.7066e+03   2.7467e+03   1.9740e+03 
  2.6124e+03  -9.9900e+02  -9.9900e+02   2.4791e+03   2.4385e+03   2.2640e+03   2.0959e+03   1.4588e+03 
  2.1342e+03  -9.9900e+02  -9.9900e+02   1.7648e+03   1.8493e+03   1.6237e+03   1.3240e+03   1.1172e+03 
  1.5642e+03  -9.9900e+02  -9.9900e+02   1.1107e+03   1.1886e+03   1.0947e+03   9.2253e+02   9.1668e+02 
  1.1565e+03  -9.9900e+02  -9.9900e+02   7.3472e+02   7.3960e+02   7.1709e+02   6.6104e+02   7.1680e+02 
  7.8901e+02  -9.9900e+02  -9.9900e+02   4.6311e+02   4.7314e+02   4.7758e+02   4.6374e+02   5.3802e+02 
  4.6598e+02  -9.9900e+02  -9.9900e+02   3.4719e+02   3.4545e+02   3.5294e+02   3.5091e+02   4.4304e+02 
  3.0268e+02  -9.9900e+02  -9.9900e+02   2.8489e+02   2.8112e+02   2.9062e+02   3.0091e+02   3.8046e+02 
  2.6062e+02  -9.9900e+02  -9.9900e+02   2.5546e+02   2.6274e+02   2.7785e+02   3.1625e+02   3.5676e+02 
  2.4896e+02  -9.9900e+02  -9.9900e+02   3.1570e+02   3.2028e+02   3.2073e+02   3.6542e+02   3.6392e+02 
  2.0322e+02  -9.9900e+02  -9.9900e+02   3.9674e+02   4.0424e+02   3.7771e+02   3.8302e+02   3.4673e+02 
  1.6968e+02  -9.9900e+02  -9.9900e+02   4.3246e+02   4.3159e+02   3.7685e+02   3.4745e+02   3.4107e+02 
  1.9734e+02  -9.9900e+02  -9.9900e+02   4.0889e+02   3.7759e+02   3.2532e+02   3.1034e+02   3.5662e+02 
  2.9956e+02  -9.9900e+02  -9.9900e+02   3.3813e+02   3.0247e+02   2.7759e+02   2.8937e+02   3.3222e+02 
  4.0280e+02  -9.9900e+02  -9.9900e+02   2.5814e+02   2.4047e+02   2.3838e+02   2.5969e+02   2.6905e+02 
  4.0031e+02  -9.9900e+02  -9.9900e+02   1.9281e+02   1.9144e+02   1.9930e+02   2.1628e+02   2.1136e+02 
  2.8446e+02  -9.9900e+02  -9.9900e+02   1.4829e+02   1.5203e+02   1.6416e+02   1.7739e+02   1.8150e+02 
  1.6886e+02  -9.9900e+02  -9.9900e+02   1.1915e+02   1.2035e+02   1.3035e+02   1.4830e+02   1.6523e+02 
  1.1179e+02  -9.9900e+02  -9.9900e+02   8.7882e+01   9.1963e+01   1.0187e+02   1.1444e+02   1.3969e+02 
  8.1300e+01  -9.9900e+02  -9.9900e+02   6.7731e+01   7.1271e+01   8.2230e+01   9.1445e+01   1.1612e+02 
  5.9936e+01  -9.9900e+02  -9.9900e+02   5.5342e+01   5.8873e+01   6.8479e+01   7.9528e+01   1.0609e+02 
  5.3078e+01  -9.9900e+02  -9.9900e+02   4.9461e+01   5.0077e+01   5.9032e+01   6.7643e+01   1.0277e+02 
  4.9149e+01  -9.9900e+02  -9.9900e+02   4.7512e+01   4.6575e+01   5.3380e+01   6.7045e+01   8.6389e+01 
  4.0701e+01  -9.9900e+02  -9.9900e+02   4.4193e+01   4.4965e+01   4.9878e+01   6.4755e+01   8.0811e+01 
  3.4109e+01  -9.9900e+02  -9.9900e+02   4.3741e+01   4.6867e+01   4.8849e+01   6.4287e+01   7.2594e+01 
  3.1673e+01  -9.9900e+02  -9.9900e+02   4.3227e+01   4.9470e+01   5.1809e+01   6.3864e+01   6.0698e+01 
  2.8363e+01  -9.9900e+02  -9.9900e+02   4.2172e+01   5.0222e+01   5.1539e+01   5.1429e+01   5.1527e+01 
  2.2828e+01  -9.9900e+02  -9.9900e+02   4.6444e+01   5.0410e+01   4.7513e+01   4.0517e+01   4.1135e+01 
  2.1603e+01  -9.9900e+02  -9.9900e+02   4.7978e+01   4.9297e+01   4.3563e+01   3.9333e+01   3.9612e+01 
  1.9607e+01  -9.9900e+02  -9.9900e+02   4.0177e+01   4.0232e+01   3.3597e+01   3.2986e+01   3.8614e+01 
  2.0515e+01  -9.9900e+02  -9.9900e+02   3.3976e+01   3.1274e+01   2.5976e+01   2.9222e+01   3.7845e+01 
  1.8927e+01  -9.9900e+02  -9.9900e+02   2.9752e+01   2.9345e+01   2.4110e+01   2.4982e+01   3.1209e+01 
  1.6063e+01  -9.9900e+02  -9.9900e+02   2.5251e+01   2.2976e+01   1.9021e+01   1.9322e+01   3.0594e+01 
  1.7173e+01  -9.9900e+02  -9.9900e+02   2.0660e+01   2.1117e+01   1.8302e+01   2.5451e+01   3.1366e+01 
  1.7632e+01  -9.9900e+02  -9.9900e+02   1.9162e+01   2.2281e+01   1.8924e+01   2.2650e+01   2.8963e+01 
  2.0636e+01  -9.9900e+02  -9.9900e+02   1.7409e+01   1.9702e+01   1.6340e+01   1.6186e+01   1.9072e+01 

Na Density Error (cm^(-3))
 -9.9900e+02  -9.9900e+02  -9.9900e+02   1.2850e+00   9.6407e-01   9.1326e-01   2.6288e+00   1.3112e+00 
 -9.9900e+02  -9.9900e+02  -9.9900e+02   1.2704e+00   9.2491e-01   9.1341e-01   2.4657e+00   1.5394e+00 
 -9.9900e+02  -9.9900e+02  -9.9900e+02   1.1188e+00   1.0951e+00   1.3441e+00   2.0093e+00   3.4537e+00 
 -9.9900e+02  -9.9900e+02  -9.9900e+02   1.3795e+00   1.0413e+00   9.4992e-01   1.7050e+00   3.0386e+00 
 -9.9900e+02  -9.9900e+02  -9.9900e+02   1.7999e+00   1.3805e+00   1.1988e+00   1.8711e+00   2.3165e+00 
 -9.9900e+02  -9.9900e+02  -9.9900e+02   2.0754e+00   1.6652e+00   1.3478e+00   2.4458e+00   2.1761e+00 
 -9.9900e+02  -9.9900e+02  -9.9900e+02   2.0367e+00   1.5746e+00   9.6731e-01   2.2498e+00   2.6309e+00 
  5.8758e+00  -9.9900e+02  -9.9900e+02   2.0600e+00   1.2733e+00   1.1831e+00   2.4047e+00   2.8391e+00 
  1.0885e+01  -9.9900e+02  -9.9900e+02   4.4772e+00   2.2473e+00   2.7451e+00   5.2856e+00   3.1950e+00 
  1.7878e+01  -9.9900e+02  -9.9900e+02   9.0269e+00   5.0643e+00   5.0749e+00   8.7000e+00   5.5417e+00 
  2.0308e+01  -9.9900e+02  -9.9900e+02   1.3001e+01   8.0618e+00   6.6232e+00   1.0709e+01   9.6017e+00 
  2.1364e+01  -9.9900e+02  -9.9900e+02   1.5159e+01   9.7418e+00   7.2113e+00   1.1642e+01   1.1959e+01 
  2.2932e+01  -9.9900e+02  -9.9900e+02   1.6003e+01   1.0333e+01   7.3679e+00   1.1712e+01   1.2304e+01 
  2.4488e+01  -9.9900e+02  -9.9900e+02   1.6045e+01   1.0371e+01   7.3641e+00   1.1627e+01   1.2446e+01 
  2.6091e+01  -9.9900e+02  -9.9900e+02   1.6055e+01   1.0360e+01   7.3951e+00   1.1827e+01   1.2819e+01 
  2.6720e+01  -9.9900e+02  -9.9900e+02   1.6207e+01   1.0451e+01   7.4741e+00   1.2011e+01   1.3329e+01 
  2.6238e+01  -9.9900e+02  -9.9900e+02   1.6236e+01   1.0539e+01   7.6564e+00   1.2389e+01   1.3824e+01 
  2.6018e+01  -9.9900e+02  -9.9900e+02   1.6353e+01   1.0667e+01   7.7693e+00   1.2713e+01   1.4362e+01 
  2.5892e+01  -9.9900e+02  -9.9900e+02   1.6523e+01   1.0679e+01   7.6734e+00   1.2601e+01   1.4617e+01 
  2.5450e+01  -9.9900e+02  -9.9900e+02   1.6294e+01   1.0504e+01   7.5657e+00   1.2234e+01   1.4292e+01 
  2.5313e+01  -9.9900e+02  -9.9900e+02   1.5942e+01   1.0302e+01   7.5374e+00   1.2048e+01   1.4047e+01 
  2.5693e+01  -9.9900e+02  -9.9900e+02   1.5747e+01   1.0212e+01   7.6991e+00   1.2058e+01   1.4108e+01 
  2.6567e+01  -9.9900e+02  -9.9900e+02   1.5752e+01   1.0308e+01   8.1973e+00   1.2280e+01   1.4599e+01 
  2.7147e+01  -9.9900e+02  -9.9900e+02   1.6498e+01   1.0881e+01   8.8023e+00   1.2775e+01   1.7048e+01 
  2.8279e+01  -9.9900e+02  -9.9900e+02   1.8448e+01   1.2160e+01   9.3230e+00   1.3998e+01   1.9842e+01 
  2.9772e+01  -9.9900e+02  -9.9900e+02   2.0193e+01   1.3259e+01   9.7426e+00   1.5618e+01   2.0528e+01 
  3.1149e+01  -9.9900e+02  -9.9900e+02   2.1169e+01   1.4065e+01   1.0168e+01   1.6630e+01   2.0690e+01 
  3.2519e+01  -9.9900e+02  -9.9900e+02   2.1794e+01   1.4292e+01   1.0232e+01   1.6545e+01   2.2225e+01 
  3.3880e+01  -9.9900e+02  -9.9900e+02   2.1515e+01   1.3752e+01   9.7742e+00   1.6084e+01   2.3344e+01 
  3.4053e+01  -9.9900e+02  -9.9900e+02   2.0502e+01   1.3484e+01   9.4544e+00   1.5693e+01   2.3157e+01 
  3.2742e+01  -9.9900e+02  -9.9900e+02   2.0198e+01   1.3949e+01   9.6613e+00   1.6457e+01   2.2588e+01 
  3.0841e+01  -9.9900e+02  -9.9900e+02   2.1280e+01   1.4861e+01   1.0268e+01   1.7657e+01   2.2174e+01 
  3.0394e+01  -9.9900e+02  -9.9900e+02   2.2722e+01   1.5412e+01   1.0754e+01   1.8067e+01   2.1851e+01 
  3.1910e+01  -9.9900e+02  -9.9900e+02   2.3334e+01   1.5391e+01   1.0892e+01   1.8153e+01   2.1717e+01 
  3.3656e+01  -9.9900e+02  -9.9900e+02   2.3147e+01   1.5067e+01   1.0806e+01   1.8114e+01   2.0918e+01 
  3.4064e+01  -9.9900e+02  -9.9900e+02   2.2723e+01   1.4716e+01   1.0526e+01   1.7700e+01   1.8714e+01 
  3.2879e+01  -9.9900e+02  -9.9900e+02   2.1824e+01   1.4171e+01   9.6954e+00   1.5292e+01   1.6177e+01 
  2.9636e+01  -9.9900e+02  -9.9900e+02   1.8341e+01   1.2375e+01   8.3148e+00   1.2170e+01   1.4485e+01 
  2.5765e+01  -9.9900e+02  -9.9900e+02   1.4845e+01   9.9804e+00   6.9012e+00   1.0395e+01   1.3327e+01 
  2.2350e+01  -9.9900e+02  -9.9900e+02   1.2187e+01   7.9568e+00   5.6372e+00   9.0266e+00   1.1691e+01 
  1.8321e+01  -9.9900e+02  -9.9900e+02   9.9142e+00   6.4737e+00   4.6528e+00   7.7403e+00   1.0207e+01 
  1.3608e+01  -9.9900e+02  -9.9900e+02   8.6804e+00   5.5885e+00   4.0440e+00   6.7475e+00   9.4481e+00 
  1.1333e+01  -9.9900e+02  -9.9900e+02   7.7871e+00   5.0266e+00   3.6815e+00   6.3323e+00   8.6729e+00 
  1.1000e+01  -9.9900e+02  -9.9900e+02   7.3044e+00   4.8881e+00   3.5680e+00   6.5786e+00   8.5696e+00 
  1.1002e+01  -9.9900e+02  -9.9900e+02   8.0485e+00   5.4970e+00   3.8562e+00   7.1253e+00   8.6771e+00 
  9.8175e+00  -9.9900e+02  -9.9900e+02   9.1561e+00   6.2313e+00   4.2359e+00   7.2937e+00   8.3278e+00 
  8.8501e+00  -9.9900e+02  -9.9900e+02   9.7781e+00   6.4347e+00   4.2695e+00   6.8964e+00   8.2289e+00 
  9.6795e+00  -9.9900e+02  -9.9900e+02   9.5855e+00   5.9878e+00   3.9789e+00   6.5869e+00   8.5851e+00 
  1.1859e+01  -9.9900e+02  -9.9900e+02   8.8232e+00   5.4513e+00   3.7606e+00   6.6236e+00   8.4422e+00 
  1.4143e+01  -9.9900e+02  -9.9900e+02   7.7171e+00   4.8868e+00   3.5324e+00   6.4315e+00   7.8200e+00 
  1.4353e+01  -9.9900e+02  -9.9900e+02   6.6233e+00   4.3946e+00   3.2468e+00   5.7502e+00   7.1289e+00 
  1.2386e+01  -9.9900e+02  -9.9900e+02   5.9928e+00   3.9617e+00   2.9809e+00   5.3847e+00   6.7526e+00 
  9.4740e+00  -9.9900e+02  -9.9900e+02   5.5337e+00   3.6215e+00   2.6269e+00   5.0098e+00   6.1702e+00 
  8.1964e+00  -9.9900e+02  -9.9900e+02   4.6814e+00   3.1809e+00   2.3194e+00   4.3132e+00   5.5411e+00 
  7.0203e+00  -9.9900e+02  -9.9900e+02   4.3722e+00   2.8674e+00   2.1286e+00   4.0184e+00   5.7056e+00 
  6.2093e+00  -9.9900e+02  -9.9900e+02   3.9059e+00   2.6902e+00   1.9835e+00   3.8145e+00   5.7126e+00 
  5.6765e+00  -9.9900e+02  -9.9900e+02   3.9263e+00   2.4854e+00   1.8926e+00   3.4654e+00   5.9014e+00 
  5.4860e+00  -9.9900e+02  -9.9900e+02   3.9788e+00   2.3353e+00   1.7833e+00   3.8862e+00   5.3637e+00 
  4.8278e+00  -9.9900e+02  -9.9900e+02   3.6301e+00   2.3395e+00   1.6891e+00   3.8662e+00   5.7384e+00 
  3.9561e+00  -9.9900e+02  -9.9900e+02   3.3945e+00   2.5394e+00   1.7614e+00   4.1338e+00   5.0585e+00 
  3.9824e+00  -9.9900e+02  -9.9900e+02   3.3530e+00   2.6276e+00   1.8195e+00   3.9242e+00   4.7498e+00 
  3.9783e+00  -9.9900e+02  -9.9900e+02   3.3486e+00   2.5872e+00   1.7508e+00   2.8742e+00   4.3888e+00 
  3.7322e+00  -9.9900e+02  -9.9900e+02   3.5288e+00   2.5957e+00   1.7040e+00   2.4311e+00   3.9167e+00 
  3.7211e+00  -9.9900e+02  -9.9900e+02   3.9424e+00   2.6437e+00   1.7864e+00   3.2132e+00   3.7638e+00 
  3.2837e+00  -9.9900e+02  -9.9900e+02   3.4372e+00   2.3425e+00   1.5607e+00   2.9022e+00   4.9080e+00 
  4.0111e+00  -9.9900e+02  -9.9900e+02   3.2442e+00   2.1837e+00   1.5986e+00   2.6965e+00   6.2055e+00 
  4.2651e+00  -9.9900e+02  -9.9900e+02   3.1935e+00   2.3227e+00   1.5346e+00   2.6333e+00   4.2054e+00 
  3.8919e+00  -9.9900e+02  -9.9900e+02   2.9324e+00   1.8928e+00   1.2009e+00   2.1915e+00   3.2895e+00 
  3.9117e+00  -9.9900e+02  -9.9900e+02   2.6931e+00   2.0414e+00   1.2812e+00   2.7420e+00   3.2511e+00 
  3.2696e+00  -9.9900e+02  -9.9900e+02   2.9677e+00   2.3868e+00   1.4185e+00   2.3936e+00   4.4195e+00 
  4.4561e+00  -9.9900e+02  -9.9900e+02   2.8103e+00   2.0343e+00   1.2834e+00   2.3174e+00   2.4031e+00 

Temperature (K)
  -999.00   -999.00   -999.00   -999.00   -999.00   -999.00   -999.00   -999.00 
  -999.00   -999.00   -999.00   -999.00   -999.00   -999.00   -999.00   -999.00 
  -999.00   -999.00   -999.00   -999.00   -999.00   -999.00   -999.00   -999.00 
  -999.00   -999.00   -999.00   -999.00   -999.00   -999.00   -999.00   -999.00 
  -999.00   -999.00   -999.00   -999.00   -999.00   -999.00   -999.00   -999.00 
  -999.00   -999.00   -999.00   -999.00   -999.00   -999.00   -999.00   -999.00 
  -999.00   -999.00   -999.00   -999.00   -999.00   -999.00   -999.00   -999.00 
  -999.00   -999.00   -999.00   -999.00   -999.00   -999.00   -999.00   -999.00 
   177.08   -999.00   -999.00    191.83    207.11    205.22    215.15   -999.00 
   190.19   -999.00   -999.00    186.79    186.50    190.43    190.39    185.29 
   183.96   -999.00   -999.00    184.99    186.17    189.07    190.76    192.52 
   183.24   -999.00   -999.00    181.55    183.28    185.13    189.79    185.14 
   184.65   -999.00   -999.00    181.20    182.52    182.99    183.54    178.68 
   183.12   -999.00   -999.00    178.96    180.01    179.60    178.21    172.74 
   182.41   -999.00   -999.00    177.85    177.00    175.77    178.01    170.49 
   182.93   -999.00   -999.00    176.16    175.63    174.09    175.00    168.78 
   176.72   -999.00   -999.00    169.43    172.22    173.30    173.22    169.17 
   172.37   -999.00   -999.00    167.00    170.08    171.65    172.90    169.37 
   174.06   -999.00   -999.00    166.64    167.63    169.01    170.50    165.69 
   171.10   -999.00   -999.00    164.06    164.80    166.20    164.91    161.45 
   165.29   -999.00   -999.00    161.19    162.16    163.40    161.34    157.36 
   164.83   -999.00   -999.00    158.00    158.55    160.95    158.26    154.41 
   165.84   -999.00   -999.00    155.61    158.13    161.95    157.17    154.74 
   162.61   -999.00   -999.00    154.64    158.34    162.77    158.26    159.10 
   160.58   -999.00   -999.00    158.28    160.82    164.11    161.10    166.33 
   161.28   -999.00   -999.00    161.92    163.67    165.72    164.83    169.05 
   165.30   -999.00   -999.00    163.23    165.61    166.69    166.91    172.30 
   166.22   -999.00   -999.00    163.56    165.76    166.40    167.80    182.05 
   165.17   -999.00   -999.00    163.16    163.23    163.55    166.59    188.26 
   164.42   -999.00   -999.00    162.03    165.69    164.85    166.10    186.47 
   160.58   -999.00   -999.00    164.59    172.50    171.74    173.12    181.52 
   159.30   -999.00   -999.00    173.44    178.90    177.69    179.49    178.76 
   164.21   -999.00   -999.00    179.91    180.90    178.82    177.79    175.17 
   169.70   -999.00   -999.00    176.96    177.66    177.53    176.88    171.91 
   173.38   -999.00   -999.00    173.20    173.09    173.73    173.21    174.81 
   174.49   -999.00   -999.00    171.72    171.35    171.98    171.11    180.29 
   171.35   -999.00   -999.00    169.51    169.71    172.50    173.45    181.44 
   168.90   -999.00   -999.00    173.44    171.27    173.90    178.20    185.86 
   173.68   -999.00   -999.00    176.88    175.05    176.60    181.35    186.31 
   175.64   -999.00   -999.00    181.53    182.91    183.64    190.54    192.86 
   176.09   -999.00   -999.00    194.94    189.61    186.11    193.05    197.34 
   167.53   -999.00   -999.00    190.71    191.98    190.32    193.56    198.73 
   167.08   -999.00   -999.00    180.54    184.85    187.94    191.03    189.02 
   171.31   -999.00   -999.00    181.71    180.10    180.99    182.29    188.70 
   186.40   -999.00   -999.00    183.28    186.50    183.65    180.98    191.23 
   177.41   -999.00   -999.00    178.92    186.14    183.23    181.88    191.29 
   174.53   -999.00   -999.00    178.54    180.82    181.94    182.92    188.26 
   184.96   -999.00   -999.00    174.64    178.35    184.32    189.13    186.73 
   180.73   -999.00   -999.00    184.87    193.93    200.10    205.41    192.12 
   188.97   -999.00   -999.00    185.47    196.31    205.43    210.68    210.88 
   186.34   -999.00   -999.00    178.13    196.00    204.46    198.80    210.99 
   198.58   -999.00   -999.00    195.80    207.49    210.03    214.19    222.81 
   186.73   -999.00   -999.00    221.42    221.76    202.61    211.90    209.27 
  -999.00   -999.00   -999.00    217.47    217.92    197.71    206.31    214.14 
  -999.00   -999.00   -999.00   -999.00    237.21    210.32   -999.00   -999.00 
  -999.00   -999.00   -999.00   -999.00   -999.00    216.85   -999.00   -999.00 
  -999.00   -999.00   -999.00   -999.00   -999.00    237.93   -999.00   -999.00 
  -999.00   -999.00   -999.00   -999.00   -999.00   -999.00   -999.00   -999.00 
  -999.00   -999.00   -999.00   -999.00   -999.00    202.39   -999.00   -999.00 
  -999.00   -999.00   -999.00   -999.00   -999.00   -999.00   -999.00   -999.00 
  -999.00   -999.00   -999.00   -999.00   -999.00   -999.00   -999.00   -999.00 
  -999.00   -999.00   -999.00   -999.00   -999.00    223.06   -999.00   -999.00 
  -999.00   -999.00   -999.00   -999.00   -999.00    214.84   -999.00   -999.00 
  -999.00   -999.00   -999.00   -999.00   -999.00   -999.00   -999.00   -999.00 
  -999.00   -999.00   -999.00   -999.00   -999.00   -999.00   -999.00   -999.00 
  -999.00   -999.00   -999.00   -999.00   -999.00   -999.00   -999.00   -999.00 
  -999.00   -999.00   -999.00   -999.00   -999.00   -999.00   -999.00   -999.00 
  -999.00   -999.00   -999.00   -999.00   -999.00   -999.00   -999.00   -999.00 
  -999.00   -999.00   -999.00   -999.00   -999.00   -999.00   -999.00   -999.00 
  -999.00   -999.00   -999.00   -999.00   -999.00   -999.00   -999.00   -999.00 
  -999.00   -999.00   -999.00   -999.00   -999.00   -999.00   -999.00   -999.00 

Temperature Error (K)
  -999.00   -999.00   -999.00    557.62    557.62    557.62   -999.00   -999.00 
  -999.00   -999.00   -999.00    588.36    448.37    508.67   -999.00   1433.81 
  -999.00   -999.00   -999.00   -999.00   -999.00   -999.00   -999.00   -999.00 
  -999.00   -999.00   -999.00   -999.00   -999.00    708.16    708.16    708.16 
  -999.00   -999.00   -999.00   -999.00   -999.00   -999.00   -999.00   1619.58 
  -999.00   -999.00   -999.00   -999.00   -999.00   -999.00   -999.00    684.55 
  -999.00   -999.00   -999.00   -999.00   -999.00    456.34    456.34    519.44 
   271.54   -999.00   -999.00   -999.00    452.14    154.91    356.31    459.52 
    14.94   -999.00   -999.00     27.68     39.76     22.23     37.32     81.54 
     8.95   -999.00   -999.00      9.15      8.52      4.31      5.70     23.97 
     7.11   -999.00   -999.00      5.33      3.79      2.41      4.44     10.30 
     6.73   -999.00   -999.00      4.32      2.96      2.09      4.19      5.67 
     6.51   -999.00   -999.00      4.11      2.80      2.03      3.88      5.31 
     6.06   -999.00   -999.00      4.07      2.75      1.98      3.64      4.82 
     5.70   -999.00   -999.00      4.11      2.68      1.90      3.71      4.39 
     5.62   -999.00   -999.00      4.02      2.64      1.87      3.54      4.18 
     5.32   -999.00   -999.00      3.72      2.54      1.83      3.33      4.30 
     5.22   -999.00   -999.00      3.64      2.48      1.79      3.32      4.29 
     5.50   -999.00   -999.00      3.64      2.42      1.77      3.31      3.95 
     5.42   -999.00   -999.00      3.64      2.40      1.77      3.18      3.81 
     5.09   -999.00   -999.00      3.64      2.41      1.74      3.11      3.78 
     5.09   -999.00   -999.00      3.58      2.34      1.67      2.97      3.72 
     5.10   -999.00   -999.00      3.50      2.31      1.63      2.92      3.59 
     4.83   -999.00   -999.00      3.32      2.22      1.56      2.91      3.30 
     4.56   -999.00   -999.00      3.15      2.09      1.50      2.76      3.11 
     4.39   -999.00   -999.00      3.04      2.02      1.47      2.65      3.16 
     4.54   -999.00   -999.00      2.98      1.98      1.44      2.62      3.41 
     4.42   -999.00   -999.00      2.95      1.98      1.45      2.74      3.75 
     4.23   -999.00   -999.00      3.03      2.02      1.48      2.84      3.90 
     4.24   -999.00   -999.00      3.14      2.18      1.58      2.89      3.88 
     4.24   -999.00   -999.00      3.28      2.34      1.70      3.06      3.58 
     4.52   -999.00   -999.00      3.57      2.40      1.74      3.11      3.48 
     5.00   -999.00   -999.00      3.72      2.38      1.71      2.94      3.50 
     5.22   -999.00   -999.00      3.55      2.31      1.68      2.93      3.38 
     5.19   -999.00   -999.00      3.46      2.26      1.64      2.84      3.78 
     5.14   -999.00   -999.00      3.52      2.29      1.68      2.85      4.81 
     5.18   -999.00   -999.00      3.60      2.36      1.88      3.57      5.83 
     5.79   -999.00   -999.00      4.74      2.87      2.33      5.15      7.35 
     7.34   -999.00   -999.00      6.14      3.85      2.92      6.37      8.07 
     8.78   -999.00   -999.00      8.16      5.56      4.05      9.26     11.21 
    11.14   -999.00   -999.00     12.41      7.56      5.10     11.38     13.59 
    14.13   -999.00   -999.00     13.37      9.47      6.43     13.88     16.68 
    17.76   -999.00   -999.00     13.45      9.80      6.98     14.61     14.92 
    18.92   -999.00   -999.00     15.45      9.74      6.70     12.04     13.97 
    23.69   -999.00   -999.00     14.18      9.44      6.45     10.48     15.14 
    24.90   -999.00   -999.00     11.16      8.14      5.78     10.93     16.62 
    27.15   -999.00   -999.00     10.72      7.19      5.70     12.33     15.92 
    27.32   -999.00   -999.00     10.77      7.87      6.39     13.72     15.92 
    20.49   -999.00   -999.00     13.24     10.90      8.44     17.93     17.98 
    18.32   -999.00   -999.00     15.58     12.59      9.96     22.73     26.75 
    18.45   -999.00   -999.00     17.60     16.22     11.13     20.04     32.68 
    26.78   -999.00   -999.00     25.67     19.80     13.69     31.98     48.22 
    29.53   -999.00   -999.00     37.05     28.48     15.07     34.03     38.82 
    63.80   -999.00   -999.00     43.41     34.43     16.61     38.83     45.33 
    69.01   -999.00   -999.00     84.70     48.33     21.75     61.48    120.67 
   173.52   -999.00   -999.00     83.64     53.94     29.74     59.38    130.45 
   134.37   -999.00   -999.00    172.36     84.39     43.04     60.86    156.40 
   148.12   -999.00   -999.00    172.93    102.00     50.58    164.37    187.12 
   137.59   -999.00   -999.00    104.40     57.28     31.41    114.92    105.66 
    79.49   -999.00   -999.00     76.81    188.49     74.97    123.52    119.61 
   139.29   -999.00   -999.00    100.72    136.40     69.76    204.21    104.11 
   134.17   -999.00   -999.00    110.76     91.74     41.73    106.06    125.35 
   203.87   -999.00   -999.00     81.55     60.46     39.19     98.81    329.67 
   225.52   -999.00   -999.00     88.90    131.72    118.92     79.96    569.86 
   631.73   -999.00   -999.00     86.10    104.13    107.53     70.62    421.77 
  -999.00   -999.00   -999.00    202.72    113.79    117.67    198.58    218.43 
  1928.63   -999.00   -999.00    180.85    179.37    384.52    234.69    251.39 
  2873.47   -999.00   -999.00    336.80    368.84    232.63    163.34    262.56 
  1013.16   -999.00   -999.00   -999.00    446.28    337.51    660.79   -999.00 
  -999.00   -999.00   -999.00   -999.00    325.62    240.77    572.90    571.05 
  -999.00   -999.00   -999.00   1104.44    977.04    364.53    585.43   -999.00 

Vertical Wind (m/s)
  -999.00   -999.00   -999.00   -999.00   -999.00   -999.00   -999.00   -999.00 
  -999.00   -999.00   -999.00   -999.00   -999.00   -999.00   -999.00   -999.00 
  -999.00   -999.00   -999.00   -999.00   -999.00   -999.00   -999.00   -999.00 
  -999.00   -999.00   -999.00   -999.00   -999.00   -999.00   -999.00   -999.00 
  -999.00   -999.00   -999.00   -999.00   -999.00   -999.00   -999.00   -999.00 
  -999.00   -999.00   -999.00   -999.00   -999.00   -999.00   -999.00   -999.00 
  -999.00   -999.00   -999.00   -999.00   -999.00   -999.00   -999.00   -999.00 
  -999.00   -999.00   -999.00   -999.00   -999.00   -999.00   -999.00   -999.00 
  -999.00   -999.00   -999.00   -999.00   -999.00   -999.00   -999.00   -999.00 
  -999.00   -999.00   -999.00   -999.00   -999.00     -4.00     -0.15   -999.00 
  -999.00   -999.00   -999.00      1.43     -1.20     -2.24     -0.02   -999.00 
  -999.00   -999.00   -999.00      0.21     -0.27     -1.50      0.58     -2.22 
     3.00   -999.00   -999.00     -0.27     -0.99     -0.25      3.24     -2.53 
     2.93   -999.00   -999.00      2.94      0.05      0.03      4.31     -1.53 
     4.20   -999.00   -999.00      3.54      0.98     -0.40      1.63     -0.39 
     3.83   -999.00   -999.00      0.46     -1.50     -1.20      1.18     -1.69 
     3.83   -999.00   -999.00      0.91     -2.15     -1.61      2.98     -0.17 
     5.55   -999.00   -999.00      1.78     -1.27     -1.20      2.18     -0.46 
     3.01   -999.00   -999.00      1.38     -1.30     -0.54      3.03      0.11 
     2.92   -999.00   -999.00      4.09     -0.17      0.15      4.88      0.50 
     3.54   -999.00   -999.00      5.62      0.83      0.28      4.82     -0.56 
     3.74   -999.00   -999.00      5.10     -0.28     -0.34      5.15     -1.45 
     3.23   -999.00   -999.00      4.05     -0.93     -0.43      5.89      1.20 
     3.02   -999.00   -999.00      0.56     -0.99      0.09      4.45      1.35 
     2.20   -999.00   -999.00     -1.96     -1.69     -0.49      3.51      1.50 
     2.24   -999.00   -999.00     -1.51     -0.63     -0.53      1.98      1.41 
     3.44   -999.00   -999.00     -2.73     -0.20      0.13      0.81      0.96 
     2.71   -999.00   -999.00     -5.26     -1.26      0.18     -0.78      1.69 
     1.41   -999.00   -999.00     -5.77     -2.00      0.01     -2.75      5.01 
     3.98   -999.00   -999.00     -5.93     -2.28     -0.70     -4.44      6.09 
     3.32   -999.00   -999.00     -6.46     -1.49     -0.24     -3.68      2.61 
     0.65   -999.00   -999.00     -6.07     -1.60      0.20     -1.36      2.41 
    -0.22   -999.00   -999.00     -3.80     -0.44      0.26     -0.77      1.28 
     1.85   -999.00   -999.00     -1.81     -0.08     -1.08     -0.98     -0.98 
     1.42   -999.00   -999.00     -2.62     -1.62     -2.38     -3.23     -1.16 
    -0.49   -999.00   -999.00     -1.10     -1.49     -2.25     -3.03     -0.26 
    -1.39   -999.00   -999.00     -0.02     -0.98     -1.15     -0.24     -1.36 
    -0.05   -999.00   -999.00     -0.04     -1.01     -0.97     -1.97   -999.00 
  -999.00   -999.00   -999.00      1.65      1.14     -1.25     -2.65   -999.00 
  -999.00   -999.00   -999.00   -999.00      0.92     -1.37   -999.00   -999.00 
  -999.00   -999.00   -999.00   -999.00   -999.00     -1.96   -999.00   -999.00 
  -999.00   -999.00   -999.00   -999.00   -999.00      0.30   -999.00   -999.00 
  -999.00   -999.00   -999.00   -999.00   -999.00   -999.00   -999.00   -999.00 
  -999.00   -999.00   -999.00   -999.00   -999.00   -999.00   -999.00   -999.00 
  -999.00   -999.00   -999.00   -999.00   -999.00      0.25   -999.00   -999.00 
  -999.00   -999.00   -999.00   -999.00   -999.00      1.05   -999.00   -999.00 
  -999.00   -999.00   -999.00   -999.00   -999.00     -1.42   -999.00   -999.00 
  -999.00   -999.00   -999.00   -999.00   -999.00      0.41   -999.00   -999.00 
  -999.00   -999.00   -999.00   -999.00   -999.00   -999.00   -999.00   -999.00 
  -999.00   -999.00   -999.00   -999.00   -999.00   -999.00   -999.00   -999.00 
  -999.00   -999.00   -999.00   -999.00   -999.00   -999.00   -999.00   -999.00 
  -999.00   -999.00   -999.00   -999.00   -999.00   -999.00   -999.00   -999.00 
  -999.00   -999.00   -999.00   -999.00   -999.00   -999.00   -999.00   -999.00 
  -999.00   -999.00   -999.00   -999.00   -999.00   -999.00   -999.00   -999.00 
  -999.00   -999.00   -999.00   -999.00   -999.00   -999.00   -999.00   -999.00 
  -999.00   -999.00   -999.00   -999.00   -999.00   -999.00   -999.00   -999.00 
  -999.00   -999.00   -999.00   -999.00   -999.00   -999.00   -999.00   -999.00 
  -999.00   -999.00   -999.00   -999.00   -999.00   -999.00   -999.00   -999.00 
  -999.00   -999.00   -999.00   -999.00   -999.00   -999.00   -999.00   -999.00 
  -999.00   -999.00   -999.00   -999.00   -999.00   -999.00   -999.00   -999.00 
  -999.00   -999.00   -999.00   -999.00   -999.00   -999.00   -999.00   -999.00 
  -999.00   -999.00   -999.00   -999.00   -999.00   -999.00   -999.00   -999.00 
  -999.00   -999.00   -999.00   -999.00   -999.00   -999.00   -999.00   -999.00 
  -999.00   -999.00   -999.00   -999.00   -999.00   -999.00   -999.00   -999.00 
  -999.00   -999.00   -999.00   -999.00   -999.00   -999.00   -999.00   -999.00 
  -999.00   -999.00   -999.00   -999.00   -999.00   -999.00   -999.00   -999.00 
  -999.00   -999.00   -999.00   -999.00   -999.00   -999.00   -999.00   -999.00 
  -999.00   -999.00   -999.00   -999.00   -999.00   -999.00   -999.00   -999.00 
  -999.00   -999.00   -999.00   -999.00   -999.00   -999.00   -999.00   -999.00 
  -999.00   -999.00   -999.00   -999.00   -999.00   -999.00   -999.00   -999.00 
  -999.00   -999.00   -999.00   -999.00   -999.00   -999.00   -999.00   -999.00 

Vertical Wind Error (m/s)
  -999.00   -999.00   -999.00    342.39    257.62    246.28    347.67   -999.00 
  -999.00   -999.00   -999.00    456.65    297.30    372.95    341.62    342.04 
  -999.00   -999.00   -999.00    328.60    239.61    638.29    686.60    485.05 
  -999.00   -999.00   -999.00   -999.00    210.24    436.71    677.22    578.61 
  -999.00   -999.00   -999.00   -999.00   -999.00   -999.00   -999.00    325.75 
  -999.00   -999.00   -999.00   -999.00   -999.00   -999.00   -999.00    164.69 
  -999.00   -999.00   -999.00   -999.00   -999.00    308.25    371.93    256.78 
   249.40   -999.00   -999.00    147.20    184.57     98.58    156.28    194.74 
    13.57   -999.00   -999.00     21.49     32.85     14.14     19.10     65.16 
     6.38   -999.00   -999.00      6.88      6.73      3.37      4.34     24.28 
     5.33   -999.00   -999.00      4.00      2.85      1.78      3.31      7.05 
     5.10   -999.00   -999.00      3.32      2.24      1.58      3.06      4.33 
     4.86   -999.00   -999.00      3.17      2.12      1.55      2.97      4.15 
     4.57   -999.00   -999.00      3.18      2.12      1.54      2.94      4.00 
     4.32   -999.00   -999.00      3.22      2.11      1.53      2.94      3.82 
     4.27   -999.00   -999.00      3.19      2.10      1.52      2.88      3.67 
     4.24   -999.00   -999.00      3.11      2.07      1.49      2.78      3.66 
     4.27   -999.00   -999.00      3.09      2.05      1.48      2.75      3.58 
     4.40   -999.00   -999.00      3.10      2.05      1.49      2.78      3.44 
     4.46   -999.00   -999.00      3.15      2.08      1.52      2.82      3.47 
     4.39   -999.00   -999.00      3.22      2.13      1.52      2.85      3.53 
     4.38   -999.00   -999.00      3.25      2.13      1.49      2.82      3.53 
     4.33   -999.00   -999.00      3.24      2.12      1.45      2.80      3.43 
     4.21   -999.00   -999.00      3.10      2.04      1.38      2.74      3.03 
     4.04   -999.00   -999.00      2.86      1.87      1.31      2.55      2.67 
     3.89   -999.00   -999.00      2.68      1.75      1.26      2.34      2.65 
     3.87   -999.00   -999.00      2.60      1.69      1.23      2.25      2.74 
     3.75   -999.00   -999.00      2.56      1.69      1.24      2.32      2.74 
     3.62   -999.00   -999.00      2.63      1.76      1.29      2.41      2.73 
     3.65   -999.00   -999.00      2.77      1.85      1.36      2.49      2.77 
     3.76   -999.00   -999.00      2.87      1.88      1.40      2.49      2.73 
     4.03   -999.00   -999.00      2.90      1.85      1.37      2.41      2.75 
     4.26   -999.00   -999.00      2.86      1.81      1.33      2.34      2.81 
     4.25   -999.00   -999.00      2.78      1.80      1.33      2.35      2.79 
     4.14   -999.00   -999.00      2.78      1.82      1.33      2.34      3.03 
     4.12   -999.00   -999.00      2.86      1.87      1.37      2.40      3.66 
     4.25   -999.00   -999.00      2.98      1.96      1.54      2.97      4.42 
     4.79   -999.00   -999.00      3.79      2.35      1.87      4.07      5.29 
     5.80   -999.00   -999.00      4.81      3.07      2.32      4.99      5.90 
     6.87   -999.00   -999.00      6.24      4.20      3.05      6.58      7.68 
     8.76   -999.00   -999.00      8.58      5.53      3.83      8.20      9.32 
    12.16   -999.00   -999.00      9.75      6.82      4.71     10.28     11.05 
    15.03   -999.00   -999.00     10.68      7.53      5.25     11.09     11.77 
    15.79   -999.00   -999.00     11.95      7.73      5.30      9.84     11.38 
    17.23   -999.00   -999.00     10.92      7.11      4.96      8.67     11.60 
    19.78   -999.00   -999.00      9.01      6.07      4.44      8.70     12.67 
    22.68   -999.00   -999.00      8.49      5.64      4.43      9.82     12.66 
    21.45   -999.00   -999.00      8.70      6.26      4.97     11.29     12.22 
    16.34   -999.00   -999.00     10.09      7.78      5.85     12.52     13.18 
    13.66   -999.00   -999.00     12.12      9.18      6.63     13.82     16.89 
    13.57   -999.00   -999.00     14.51     11.16      7.53     15.04     20.35 
    18.01   -999.00   -999.00     18.57     13.42      9.24     23.77     25.97 
    23.83   -999.00   -999.00     23.42     16.93     10.49     24.61     25.53 
    35.57   -999.00   -999.00     30.25     21.72     12.08     27.52     31.31 
    42.72   -999.00   -999.00     42.61     28.91     15.56     36.71     48.01 
    78.05   -999.00   -999.00     47.27     34.01     19.10     39.89     53.67 
    76.22   -999.00   -999.00     64.65     45.42     23.49     47.14     57.58 
    76.69   -999.00   -999.00     84.13     49.05     25.03     57.73     73.06 
    83.66   -999.00   -999.00     79.78     48.74     24.52     56.93     61.01 
    66.08   -999.00   -999.00     60.38     53.41     32.80     98.16     64.04 
    88.09   -999.00   -999.00     71.73     54.16     30.40     86.82     63.18 
    92.36   -999.00   -999.00     73.76     53.29     27.81     71.02     73.87 
   237.08   -999.00   -999.00     56.59     45.78     28.56     72.52    129.82 
   233.29   -999.00   -999.00     49.55     45.88     37.39     60.61    169.89 
   227.07   -999.00   -999.00     94.29     55.11     48.31    132.12    159.02 
   304.50   -999.00   -999.00    125.78     75.75     55.80    122.75    210.69 
   455.64   -999.00   -999.00    122.66    117.85    120.66    119.03    287.98 
   498.38   -999.00   -999.00    157.58    190.71    139.37    126.28    284.35 
   328.76   -999.00   -999.00   -999.00    381.98    182.73    124.73    494.32 
  -999.00   -999.00   -999.00   -999.00    505.70    155.70    509.36    589.07 
  -999.00   -999.00   -999.00    480.99    350.02    116.42    436.65    363.15 
