ALO Lidar Data on 20200126

UT (hour) for each column
   1.3000    1.4000    1.5000    1.6000    1.7000    1.8000    1.9000    2.0000    2.1000    2.2000    2.3000    2.4000    2.5000    2.6000    2.7000    2.8000    2.9000    3.0000    3.1000 
Altitudes (km) for each row
   80.000    80.500    81.000    81.500    82.000    82.500    83.000    83.500    84.000    84.500    85.000    85.500    86.000    86.500    87.000    87.500    88.000    88.500    89.000    89.500    90.000    90.500    91.000    91.500    92.000    92.500    93.000    93.500    94.000    94.500    95.000    95.500    96.000    96.500    97.000    97.500    98.000    98.500    99.000    99.500   100.000   100.500   101.000   101.500   102.000   102.500   103.000   103.500   104.000   104.500   105.000   105.500   106.000   106.500   107.000   107.500   108.000   108.500   109.000   109.500   110.000   110.500   111.000   111.500   112.000   112.500   113.000   113.500   114.000   114.500   115.000 

Na Density (cm^(-3))
  2.0079e+00   2.0427e+00   2.3354e+00   2.5202e+00   2.3685e+00   2.2158e+00   2.2204e+00   1.9487e+00   2.3566e+00   2.4774e+00   2.6793e+00   2.9310e+00   2.5518e+00   2.5086e+00   2.1979e+00   1.2111e+01   5.6805e+01   5.4996e+01   1.6503e+01 
  2.6103e+00   2.0432e+00   2.1266e+00   2.7201e+00   2.6245e+00   2.3623e+00   2.3690e+00   2.3959e+00   2.4868e+00   2.3827e+00   2.6823e+00   2.7839e+00   2.9960e+00   2.3952e+00   2.2620e+00   2.6414e+01   5.3072e+01   5.2781e+01   1.8208e+01 
  2.3312e+00   2.1380e+00   2.3624e+00   2.9255e+00   2.9494e+00   2.7098e+00   2.4828e+00   2.4256e+00   2.4354e+00   2.3567e+00   2.7828e+00   2.9480e+00   3.0307e+00   2.7476e+00   2.5691e+00   1.8880e+01   4.9132e+01   4.8008e+01   1.6716e+01 
  2.2923e+00   2.3175e+00   2.0614e+00   2.5082e+00   2.7739e+00   2.5775e+00   2.3011e+00   2.5961e+00   2.6310e+00   2.4779e+00   2.8668e+00   2.8764e+00   2.6654e+00   2.3997e+00   2.3626e+00   9.3352e+00   5.3488e+01   4.3783e+01   1.4899e+01 
  2.1653e+00   2.4002e+00   2.5472e+00   2.8041e+00   3.6956e+00   4.1641e+00   3.7339e+00   2.9990e+00   2.9982e+00   2.6340e+00   2.7301e+00   2.7206e+00   2.4192e+00   2.6886e+00   2.7448e+00   1.1001e+01   5.0649e+01   5.1358e+01   1.7273e+01 
  3.9907e+00   3.7789e+00   1.0648e+01   2.8723e+01   2.9251e+01   3.1114e+01   1.8140e+01   6.1341e+00   3.2450e+00   2.8504e+00   2.6223e+00   2.5454e+00   2.3993e+00   3.5270e+00   3.6222e+00   1.3134e+01   4.4629e+01   5.8866e+01   1.9515e+01 
  1.7694e+01   3.2106e+01   6.9511e+01   9.7694e+01   9.8883e+01   1.0054e+02   5.2761e+01   1.4420e+01   4.4922e+00   4.0195e+00   3.1778e+00   4.2768e+00   5.7116e+00   6.2875e+00   5.1598e+00   1.2266e+01   4.2613e+01   4.6152e+01   1.6338e+01 
  8.4956e+01   1.1766e+02   1.8250e+02   2.0162e+02   1.9159e+02   1.6240e+02   8.3430e+01   2.5397e+01   1.5416e+01   1.4171e+01   1.2814e+01   1.9189e+01   1.8039e+01   1.2043e+01   7.2149e+00   1.1276e+01   4.0195e+01   5.2363e+01   1.6530e+01 
  1.9597e+02   2.6314e+02   3.0382e+02   2.8702e+02   2.4786e+02   1.9060e+02   1.0841e+02   5.0523e+01   5.6047e+01   5.4689e+01   4.7887e+01   5.0508e+01   3.7059e+01   1.8297e+01   8.3976e+00   1.0797e+01   4.1352e+01   5.7568e+01   1.5461e+01 
  3.7442e+02   3.9808e+02   3.8252e+02   3.2951e+02   2.8053e+02   2.2478e+02   1.5304e+02   1.1312e+02   1.2929e+02   1.2858e+02   1.0752e+02   9.0213e+01   5.6079e+01   2.3175e+01   8.7053e+00   1.1277e+01   4.8369e+01   4.1073e+01   1.2986e+01 
  5.0829e+02   4.7627e+02   4.2719e+02   3.6720e+02   3.5150e+02   2.9624e+02   2.2237e+02   2.1023e+02   2.2017e+02   2.0030e+02   1.6527e+02   1.2347e+02   6.9092e+01   2.8669e+01   9.5216e+00   1.1712e+01   4.8745e+01   4.9028e+01   1.7084e+01 
  5.9331e+02   5.6344e+02   5.0250e+02   4.3510e+02   4.3950e+02   3.9536e+02   3.1635e+02   3.1811e+02   2.9062e+02   2.3728e+02   2.0164e+02   1.5798e+02   9.6692e+01   5.2340e+01   2.2315e+01   2.4424e+01   5.8616e+01   7.7410e+01   4.3790e+01 
  6.8439e+02   6.7263e+02   6.3130e+02   5.5009e+02   5.2086e+02   4.6581e+02   3.9275e+02   3.7483e+02   3.1153e+02   2.4568e+02   2.2147e+02   1.9728e+02   1.4601e+02   1.1189e+02   8.6247e+01   1.0076e+02   1.2929e+02   1.6446e+02   1.3346e+02 
  7.8790e+02   8.0152e+02   7.6765e+02   6.5916e+02   5.6808e+02   4.8420e+02   4.1424e+02   3.7023e+02   3.0320e+02   2.4372e+02   2.2762e+02   2.1744e+02   1.8552e+02   1.7845e+02   1.9138e+02   2.4066e+02   2.5661e+02   3.0048e+02   2.8348e+02 
  9.0414e+02   9.0168e+02   8.3619e+02   6.8977e+02   5.6726e+02   4.7659e+02   3.9913e+02   3.4563e+02   2.8960e+02   2.4331e+02   2.2756e+02   2.3081e+02   2.3017e+02   2.7589e+02   3.4674e+02   4.1836e+02   4.0850e+02   4.2482e+02   4.1895e+02 
  9.3692e+02   8.9958e+02   8.3238e+02   6.7616e+02   5.4318e+02   4.5026e+02   3.7886e+02   3.2759e+02   2.8696e+02   2.6699e+02   2.7570e+02   3.2631e+02   3.6783e+02   4.3459e+02   5.0813e+02   5.7054e+02   5.4278e+02   5.3303e+02   5.5024e+02 
  8.8691e+02   8.5002e+02   8.0029e+02   6.5275e+02   5.1818e+02   4.2327e+02   3.8581e+02   3.5598e+02   3.5824e+02   3.7241e+02   4.0803e+02   4.7918e+02   5.2362e+02   5.5977e+02   6.2133e+02   6.7164e+02   6.3634e+02   6.4098e+02   6.8166e+02 
  8.4553e+02   8.1959e+02   7.6236e+02   6.2411e+02   5.2068e+02   4.5440e+02   4.5035e+02   4.6295e+02   4.8796e+02   5.0060e+02   5.3307e+02   5.8571e+02   6.0316e+02   6.2495e+02   7.0246e+02   7.7595e+02   7.4616e+02   7.4906e+02   7.9734e+02 
  8.1316e+02   7.9312e+02   7.2698e+02   6.0275e+02   5.4949e+02   5.3035e+02   5.5570e+02   6.0260e+02   6.0954e+02   5.9711e+02   6.0582e+02   6.3638e+02   6.4901e+02   6.8779e+02   7.9850e+02   9.1350e+02   8.8022e+02   8.5616e+02   8.7453e+02 
  7.7178e+02   7.5484e+02   6.9896e+02   6.1733e+02   6.0250e+02   6.0893e+02   6.2608e+02   6.5617e+02   6.6511e+02   6.4364e+02   6.4989e+02   6.8401e+02   7.1515e+02   7.8560e+02   9.1994e+02   1.0092e+03   9.6369e+02   9.1843e+02   9.2762e+02 
  7.2492e+02   7.1417e+02   6.8801e+02   6.5053e+02   6.3427e+02   6.2571e+02   6.3269e+02   6.8759e+02   7.3221e+02   6.9959e+02   7.0259e+02   7.5531e+02   8.2645e+02   9.1385e+02   9.9781e+02   1.0527e+03   1.0309e+03   1.0219e+03   1.0495e+03 
  7.1458e+02   7.0383e+02   7.1777e+02   7.2974e+02   6.8562e+02   6.3132e+02   6.5335e+02   7.6938e+02   8.3368e+02   7.9753e+02   8.0794e+02   8.8462e+02   9.6400e+02   1.0476e+03   1.0894e+03   1.1734e+03   1.1626e+03   1.1771e+03   1.2040e+03 
  7.5792e+02   7.9491e+02   8.3450e+02   8.4234e+02   7.8573e+02   7.1101e+02   7.3202e+02   8.7743e+02   9.7061e+02   9.4612e+02   9.8348e+02   1.0949e+03   1.1758e+03   1.2304e+03   1.2414e+03   1.3165e+03   1.2603e+03   1.2654e+03   1.2999e+03 
  8.8742e+02   9.2795e+02   9.5681e+02   9.1998e+02   8.5285e+02   8.0914e+02   8.5184e+02   1.0525e+03   1.1934e+03   1.1690e+03   1.2154e+03   1.3186e+03   1.3607e+03   1.3551e+03   1.3366e+03   1.3945e+03   1.3393e+03   1.3477e+03   1.4256e+03 
  1.0229e+03   1.0521e+03   1.0735e+03   1.0160e+03   9.2825e+02   9.5251e+02   1.0572e+03   1.2421e+03   1.3775e+03   1.3602e+03   1.3775e+03   1.4525e+03   1.4686e+03   1.4312e+03   1.3988e+03   1.4934e+03   1.4425e+03   1.4499e+03   1.5589e+03 
  1.1617e+03   1.2514e+03   1.2925e+03   1.2339e+03   1.1371e+03   1.1674e+03   1.2452e+03   1.3690e+03   1.5013e+03   1.5010e+03   1.4995e+03   1.5548e+03   1.5854e+03   1.5496e+03   1.5350e+03   1.6324e+03   1.5227e+03   1.5257e+03   1.6551e+03 
  1.3497e+03   1.4582e+03   1.4992e+03   1.4387e+03   1.3375e+03   1.3114e+03   1.3506e+03   1.4781e+03   1.6124e+03   1.6118e+03   1.6206e+03   1.6644e+03   1.7033e+03   1.6775e+03   1.6894e+03   1.7660e+03   1.5918e+03   1.5887e+03   1.7457e+03 
  1.4398e+03   1.5020e+03   1.5270e+03   1.4741e+03   1.4090e+03   1.3793e+03   1.4272e+03   1.5442e+03   1.6240e+03   1.6318e+03   1.6657e+03   1.6949e+03   1.7020e+03   1.7014e+03   1.7800e+03   2.0110e+03   1.7613e+03   1.6895e+03   1.9271e+03 
  1.4421e+03   1.4792e+03   1.4818e+03   1.4240e+03   1.3930e+03   1.3923e+03   1.4469e+03   1.4701e+03   1.4218e+03   1.4465e+03   1.5147e+03   1.5333e+03   1.5303e+03   1.5781e+03   1.8431e+03   2.2182e+03   2.0421e+03   1.9002e+03   2.1649e+03 
  1.4796e+03   1.5397e+03   1.5344e+03   1.4493e+03   1.4046e+03   1.3767e+03   1.3469e+03   1.2587e+03   1.1506e+03   1.1639e+03   1.2141e+03   1.2573e+03   1.3003e+03   1.4101e+03   1.9566e+03   2.4277e+03   2.2825e+03   2.1196e+03   2.3143e+03 
  1.5369e+03   1.5837e+03   1.5574e+03   1.4209e+03   1.3326e+03   1.2646e+03   1.1602e+03   1.0313e+03   9.4668e+02   9.5809e+02   9.7675e+02   1.0325e+03   1.1019e+03   1.2214e+03   1.6565e+03   2.1973e+03   2.4244e+03   2.4406e+03   2.5594e+03 
  1.5071e+03   1.4981e+03   1.4348e+03   1.2826e+03   1.1715e+03   1.0898e+03   9.7360e+02   8.4140e+02   7.7780e+02   8.0829e+02   8.2829e+02   8.7595e+02   9.4080e+02   1.0356e+03   1.1656e+03   1.5224e+03   2.1658e+03   2.6128e+03   3.0335e+03 
  1.4375e+03   1.3732e+03   1.3026e+03   1.1745e+03   1.0649e+03   9.6981e+02   8.2426e+02   6.9598e+02   6.4690e+02   6.7003e+02   6.9831e+02   7.5631e+02   8.0946e+02   8.7465e+02   9.0151e+02   1.0205e+03   1.5063e+03   2.2937e+03   2.9627e+03 
  1.3898e+03   1.2976e+03   1.2359e+03   1.0967e+03   9.8135e+02   8.6601e+02   7.1108e+02   6.1450e+02   5.6510e+02   5.5893e+02   5.9007e+02   6.5947e+02   7.0399e+02   7.4070e+02   7.4519e+02   7.8216e+02   9.5059e+02   1.6158e+03   2.3293e+03 
  1.3015e+03   1.2452e+03   1.2384e+03   1.0581e+03   8.8640e+02   7.5990e+02   6.3269e+02   5.7746e+02   5.1822e+02   4.8629e+02   5.1139e+02   5.7854e+02   6.1106e+02   6.3319e+02   6.2214e+02   6.4263e+02   6.8279e+02   9.9808e+02   1.4905e+03 
  1.1876e+03   1.2306e+03   1.2827e+03   1.0456e+03   7.9927e+02   6.6690e+02   5.8031e+02   5.4654e+02   4.9271e+02   4.6128e+02   4.5590e+02   5.0388e+02   5.2860e+02   5.3995e+02   5.2522e+02   5.3689e+02   5.4947e+02   6.5441e+02   8.2281e+02 
  1.1565e+03   1.2519e+03   1.2393e+03   9.6229e+02   7.4411e+02   6.0194e+02   5.4834e+02   5.1458e+02   4.7957e+02   4.6725e+02   4.4179e+02   4.5456e+02   4.6317e+02   4.6347e+02   4.6415e+02   4.8279e+02   4.6593e+02   4.9814e+02   5.6070e+02 
  1.1715e+03   1.2015e+03   1.0928e+03   8.7154e+02   7.4958e+02   6.0668e+02   5.4499e+02   4.9532e+02   4.7806e+02   4.9016e+02   4.8993e+02   4.4718e+02   4.1306e+02   4.0250e+02   4.4740e+02   5.0287e+02   4.5514e+02   4.5926e+02   5.4515e+02 
  1.1001e+03   1.0756e+03   9.7454e+02   8.5147e+02   7.7720e+02   6.4957e+02   5.7026e+02   5.0196e+02   4.7929e+02   5.1356e+02   5.4055e+02   4.6788e+02   3.8202e+02   3.6108e+02   4.5172e+02   5.6870e+02   5.2853e+02   5.1522e+02   6.4171e+02 
  1.0029e+03   1.0002e+03   9.4114e+02   8.4716e+02   7.5973e+02   6.5438e+02   5.9437e+02   5.2184e+02   4.8849e+02   5.4044e+02   5.6218e+02   4.6482e+02   3.6652e+02   3.4118e+02   4.4580e+02   6.0108e+02   6.1793e+02   6.1652e+02   7.2471e+02 
  8.6914e+02   9.0205e+02   8.8398e+02   7.7897e+02   6.7146e+02   5.8186e+02   5.7946e+02   5.4859e+02   5.3324e+02   5.8036e+02   5.5777e+02   4.3207e+02   3.6538e+02   3.5757e+02   4.6394e+02   6.0227e+02   6.5151e+02   6.7792e+02   7.4818e+02 
  5.8729e+02   6.5399e+02   7.0413e+02   6.1667e+02   5.0944e+02   4.3531e+02   4.9451e+02   5.4985e+02   5.7668e+02   5.9031e+02   5.3733e+02   4.1740e+02   3.8116e+02   4.2866e+02   5.3361e+02   6.0678e+02   6.2451e+02   6.6494e+02   7.0141e+02 
  2.8493e+02   3.6796e+02   4.5433e+02   3.9914e+02   3.1926e+02   2.7375e+02   3.5367e+02   4.8139e+02   5.6366e+02   5.5215e+02   5.0248e+02   4.1394e+02   3.9729e+02   4.7731e+02   5.6380e+02   5.9243e+02   5.8508e+02   6.1684e+02   5.7237e+02 
  1.1360e+02   1.7912e+02   2.4117e+02   2.1177e+02   1.7629e+02   1.5859e+02   2.2271e+02   3.7207e+02   4.9261e+02   4.7873e+02   4.3556e+02   4.0531e+02   3.9890e+02   4.5702e+02   5.0881e+02   5.3336e+02   5.0907e+02   5.0064e+02   3.9779e+02 
  5.1782e+01   8.7572e+01   1.1674e+02   1.1082e+02   1.0393e+02   9.4896e+01   1.3121e+02   2.5533e+02   3.8200e+02   3.7781e+02   3.3186e+02   3.5234e+02   3.5360e+02   3.8474e+02   3.8750e+02   4.1669e+02   3.9463e+02   3.5134e+02   2.3846e+02 
  3.4287e+01   4.9798e+01   6.6932e+01   7.6015e+01   8.4837e+01   7.1170e+01   7.6061e+01   1.5412e+02   2.6322e+02   2.6217e+02   2.1125e+02   2.3328e+02   2.3261e+02   2.5238e+02   2.4042e+02   2.7680e+02   2.8644e+02   2.2860e+02   1.3808e+02 
  3.1699e+01   4.1071e+01   5.8683e+01   8.2629e+01   1.1400e+02   9.4190e+01   6.5934e+01   9.0660e+01   1.5724e+02   1.5231e+02   1.0971e+02   1.1586e+02   1.1518e+02   1.2883e+02   1.3072e+02   1.6039e+02   1.8986e+02   1.4801e+02   9.4738e+01 
  4.6333e+01   5.8474e+01   7.4381e+01   1.1778e+02   1.7119e+02   1.4902e+02   9.3923e+01   6.2268e+01   7.9641e+01   7.6213e+01   5.4515e+01   5.4683e+01   5.8672e+01   7.0848e+01   7.6887e+01   8.9310e+01   1.2403e+02   1.0856e+02   8.0465e+01 
  9.1154e+01   1.0222e+02   1.0209e+02   1.6104e+02   2.1390e+02   1.9241e+02   1.3975e+02   6.1847e+01   4.0540e+01   3.9742e+01   3.3533e+01   3.5198e+01   4.2071e+01   5.3031e+01   5.4455e+01   6.2115e+01   8.7933e+01   8.1534e+01   7.2285e+01 
  1.3833e+02   1.4798e+02   1.3513e+02   1.8908e+02   2.2083e+02   2.0109e+02   1.8227e+02   8.9176e+01   3.7239e+01   4.0194e+01   3.9262e+01   4.0051e+01   4.6043e+01   5.0125e+01   4.9205e+01   6.1180e+01   9.2227e+01   7.8848e+01   7.4062e+01 
  1.5387e+02   1.6840e+02   1.5550e+02   1.8281e+02   2.0299e+02   1.8205e+02   2.0162e+02   1.2754e+02   5.4551e+01   6.9937e+01   7.3322e+01   5.8851e+01   5.5358e+01   5.1241e+01   5.4324e+01   6.5310e+01   9.5276e+01   8.7324e+01   8.5892e+01 
  1.5199e+02   1.6781e+02   1.5764e+02   1.5503e+02   1.6745e+02   1.5400e+02   1.9617e+02   1.5914e+02   7.2959e+01   9.2215e+01   1.0960e+02   8.5354e+01   7.1641e+01   6.0750e+01   6.4308e+01   7.0435e+01   9.7489e+01   9.7593e+01   9.7528e+01 
  1.4439e+02   1.5540e+02   1.4794e+02   1.2808e+02   1.3068e+02   1.2530e+02   1.7134e+02   1.8816e+02   1.1222e+02   1.2853e+02   1.6279e+02   1.3569e+02   1.0752e+02   8.3581e+01   8.1970e+01   7.9806e+01   1.0440e+02   1.1719e+02   1.1279e+02 
  1.3412e+02   1.3775e+02   1.2775e+02   1.0508e+02   1.0339e+02   9.9696e+01   1.3679e+02   2.0296e+02   1.7577e+02   1.8179e+02   2.0743e+02   1.8159e+02   1.4945e+02   1.1318e+02   1.0734e+02   9.3493e+01   1.1546e+02   1.4314e+02   1.3038e+02 
  1.1912e+02   1.1829e+02   1.0162e+02   8.0522e+01   7.5708e+01   7.5306e+01   1.0371e+02   1.8916e+02   2.1912e+02   2.0378e+02   2.1183e+02   2.0846e+02   1.8231e+02   1.4536e+02   1.4692e+02   1.1969e+02   1.2752e+02   1.6173e+02   1.4435e+02 
  1.0000e+02   9.3926e+01   7.4801e+01   5.6584e+01   5.1306e+01   5.4566e+01   7.6406e+01   1.5042e+02   2.0645e+02   1.8371e+02   1.8553e+02   2.1842e+02   2.0898e+02   1.8303e+02   1.9581e+02   1.6618e+02   1.5310e+02   1.6099e+02   1.4700e+02 
  7.7025e+01   6.8914e+01   5.2044e+01   3.9056e+01   3.4927e+01   3.9828e+01   5.5659e+01   1.0716e+02   1.5125e+02   1.4400e+02   1.5205e+02   2.0981e+02   2.1308e+02   2.0306e+02   2.3316e+02   2.1208e+02   1.8656e+02   1.6052e+02   1.3872e+02 
  5.1189e+01   4.5297e+01   3.3945e+01   2.5732e+01   2.4091e+01   2.8515e+01   4.0192e+01   7.4447e+01   9.7539e+01   1.0682e+02   1.2489e+02   1.8748e+02   1.9754e+02   2.0356e+02   2.4487e+02   2.3178e+02   1.9390e+02   1.6048e+02   1.3379e+02 
  3.1617e+01   2.7737e+01   2.0641e+01   1.6546e+01   1.6533e+01   1.9641e+01   2.8698e+01   5.1732e+01   6.5042e+01   8.4549e+01   9.8653e+01   1.5055e+02   1.7409e+02   1.8662e+02   2.2577e+02   2.2986e+02   1.9698e+02   1.5505e+02   1.2063e+02 
  1.8332e+01   1.6914e+01   1.2129e+01   1.1002e+01   1.1027e+01   1.4387e+01   2.1458e+01   3.5922e+01   4.1386e+01   6.6741e+01   7.4369e+01   1.1010e+02   1.4673e+02   1.6097e+02   1.9072e+02   2.1440e+02   1.8933e+02   1.3318e+02   9.6889e+01 
  9.2868e+00   9.3801e+00   7.6981e+00   7.7527e+00   7.9573e+00   1.0308e+01   1.5472e+01   2.4217e+01   2.5308e+01   5.0657e+01   5.6651e+01   8.2209e+01   1.2211e+02   1.3278e+02   1.4997e+02   1.8799e+02   1.9054e+02   1.2827e+02   7.7948e+01 
  5.6890e+00   5.9437e+00   6.2614e+00   6.0394e+00   6.6990e+00   7.8950e+00   1.0645e+01   1.5812e+01   1.6351e+01   3.6678e+01   3.9457e+01   5.8583e+01   9.2901e+01   1.0193e+02   1.1094e+02   1.5054e+02   1.7686e+02   1.2455e+02   7.0118e+01 
  4.7019e+00   4.6078e+00   4.6210e+00   5.1836e+00   6.0104e+00   6.8911e+00   8.2709e+00   1.0626e+01   1.0892e+01   2.3030e+01   2.4070e+01   3.4847e+01   5.9597e+01   7.6441e+01   8.0735e+01   1.1473e+02   1.6187e+02   1.2248e+02   6.8887e+01 
  3.8545e+00   3.9736e+00   3.9121e+00   4.8943e+00   5.0023e+00   5.1269e+00   6.2298e+00   7.3921e+00   7.6941e+00   1.1973e+01   1.4533e+01   1.9682e+01   3.4221e+01   5.4843e+01   5.6176e+01   7.8926e+01   1.3125e+02   1.1048e+02   6.7846e+01 
  3.3566e+00   2.6287e+00   3.3770e+00   4.0581e+00   4.5364e+00   4.6253e+00   5.1851e+00   5.7268e+00   5.8953e+00   7.1362e+00   9.1592e+00   1.0551e+01   1.8879e+01   3.6075e+01   3.9506e+01   5.0862e+01   9.0518e+01   8.6273e+01   5.8447e+01 
  3.6675e+00   3.8698e+00   3.9521e+00   3.2325e+00   3.8502e+00   4.3246e+00   4.4308e+00   5.1041e+00   5.2322e+00   5.8609e+00   6.1935e+00   6.0931e+00   1.2002e+01   2.2301e+01   2.4615e+01   3.4098e+01   6.8729e+01   6.7012e+01   4.3099e+01 
  3.0172e+00   3.0138e+00   2.7835e+00   3.3405e+00   3.8545e+00   4.0040e+00   3.5968e+00   4.1681e+00   4.7387e+00   4.8824e+00   4.9919e+00   5.2473e+00   8.0397e+00   1.2310e+01   1.2322e+01   2.0297e+01   3.7817e+01   3.6102e+01   2.9024e+01 
  3.1872e+00   3.8054e+00   4.4094e+00   3.2545e+00   3.4548e+00   3.5030e+00   3.5324e+00   4.1310e+00   4.7128e+00   4.1457e+00   4.3930e+00   4.9096e+00   6.1160e+00   7.8082e+00   7.3279e+00   1.3779e+01   2.7610e+01   2.7115e+01   2.2485e+01 
  3.2267e+00  -9.9900e+02   2.7051e+00   2.6628e+00   3.2716e+00   2.9562e+00   3.0628e+00   3.3787e+00   3.7353e+00   3.6118e+00   4.1849e+00   4.1424e+00   5.0698e+00   5.7680e+00   5.6956e+00   7.8623e+00   3.0332e+01   3.2667e+01   1.9080e+01 
  2.0838e+00   2.7699e+00   2.9461e+00   4.0690e+00   3.6033e+00   3.2342e+00   2.9494e+00   2.5666e+00   3.3763e+00   3.1528e+00   3.4000e+00   3.0290e+00   4.0065e+00   5.4213e+00   4.5572e+00   6.6364e+00   3.9960e+01   4.2606e+01   1.5673e+01 
  2.0272e+00   2.4123e+00   2.6854e+00   4.3914e+00   3.2742e+00   3.6318e+00   3.9127e+00   3.7737e+00   3.4160e+00   2.9500e+00   3.5389e+00   3.9997e+00   3.8034e+00   2.6940e+00   3.3472e+00   1.3489e+01   5.6362e+01   4.2918e+01   1.4269e+01 

Na Density Error (cm^(-3))
  3.4779e-01   3.9366e-01   5.2555e-01   4.1765e-01   2.9139e-01   2.6971e-01   3.1370e-01   2.8723e-01   3.1636e-01   3.4594e-01   3.5813e-01   3.6844e-01   4.1079e-01   4.0409e-01   3.4318e-01   2.0824e+00   6.8515e+00   7.8349e+00   2.4810e+00 
  4.3771e-01   3.0295e-01   3.6383e-01   4.2292e-01   3.0414e-01   2.8380e-01   3.3682e-01   3.8395e-01   3.4500e-01   2.8552e-01   3.4912e-01   3.4214e-01   4.9274e-01   4.1555e-01   4.9328e-01   5.2664e+00   7.1235e+00   6.6519e+00   2.4835e+00 
  3.6631e-01   3.8290e-01   4.9280e-01   3.7639e-01   3.6795e-01   3.2090e-01   3.1060e-01   4.2219e-01   3.8724e-01   2.8366e-01   3.3507e-01   3.2868e-01   3.6495e-01   3.9874e-01   4.5981e-01   3.3341e+00   6.2832e+00   5.7969e+00   2.0575e+00 
  3.4648e-01   3.9734e-01   3.4295e-01   3.2987e-01   3.4813e-01   2.8307e-01   3.0558e-01   3.8930e-01   4.1856e-01   3.5842e-01   3.8197e-01   3.7002e-01   3.4898e-01   3.9059e-01   3.9311e-01   1.5821e+00   6.4313e+00   5.3051e+00   1.8627e+00 
  3.5076e-01   3.1684e-01   3.4879e-01   2.8763e-01   3.2958e-01   3.0737e-01   3.2695e-01   3.1957e-01   3.5419e-01   3.3415e-01   3.6318e-01   4.3028e-01   4.3692e-01   4.9817e-01   4.5519e-01   1.5092e+00   6.0445e+00   6.0286e+00   2.3286e+00 
  4.8121e-01   3.5307e-01   5.0075e-01   7.5631e-01   7.0413e-01   7.3060e-01   5.6233e-01   3.6688e-01   3.0799e-01   3.7709e-01   3.9326e-01   3.5131e-01   4.1270e-01   5.6716e-01   5.4375e-01   1.7544e+00   5.1200e+00   6.9717e+00   2.5133e+00 
  6.6554e-01   7.7685e-01   1.2205e+00   1.4102e+00   1.3540e+00   1.3888e+00   9.6701e-01   5.2667e-01   3.2381e-01   3.8434e-01   4.0645e-01   3.8059e-01   4.3926e-01   4.8327e-01   4.4341e-01   1.5560e+00   4.7467e+00   5.4399e+00   2.2916e+00 
  1.4387e+00   1.5886e+00   2.1306e+00   2.0399e+00   1.9289e+00   1.7880e+00   1.2538e+00   6.8313e-01   5.5652e-01   5.2256e-01   5.1089e-01   6.8824e-01   6.4299e-01   5.7449e-01   4.7189e-01   1.2981e+00   4.6315e+00   7.7511e+00   2.6369e+00 
  2.2935e+00   2.4435e+00   2.7806e+00   2.4718e+00   2.2229e+00   1.9368e+00   1.4585e+00   9.2884e-01   1.0627e+00   1.0119e+00   9.5708e-01   1.0901e+00   9.1881e-01   6.7467e-01   4.7361e-01   1.1493e+00   5.7917e+00   9.9109e+00   2.8026e+00 
  3.2253e+00   3.0290e+00   3.1248e+00   2.6700e+00   2.3787e+00   2.1006e+00   1.7217e+00   1.4338e+00   1.6238e+00   1.6199e+00   1.4862e+00   1.4141e+00   1.1281e+00   7.5107e-01   4.9566e-01   1.1551e+00   6.5861e+00   5.6236e+00   1.6886e+00 
  3.8531e+00   3.3186e+00   3.3074e+00   2.8075e+00   2.6562e+00   2.4083e+00   2.0654e+00   2.0430e+00   2.1316e+00   2.0446e+00   1.8584e+00   1.6498e+00   1.2420e+00   8.2758e-01   5.0300e-01   1.1912e+00   5.8899e+00   7.1022e+00   1.6424e+00 
  4.1526e+00   3.6290e+00   3.5907e+00   3.0482e+00   2.9667e+00   2.7955e+00   2.4715e+00   2.5634e+00   2.4712e+00   2.2195e+00   2.0559e+00   1.8730e+00   1.4603e+00   1.1096e+00   6.9858e-01   1.4054e+00   5.2862e+00   6.7748e+00   2.2615e+00 
  4.4571e+00   3.9707e+00   4.0351e+00   3.4528e+00   3.2462e+00   3.0434e+00   2.7969e+00   2.8014e+00   2.5526e+00   2.2588e+00   2.1620e+00   2.1022e+00   1.8004e+00   1.6401e+00   1.3442e+00   2.2776e+00   6.4742e+00   7.7217e+00   3.3706e+00 
  4.7799e+00   4.3401e+00   4.4647e+00   3.8106e+00   3.3899e+00   3.1014e+00   2.8915e+00   2.7698e+00   2.5118e+00   2.2484e+00   2.2001e+00   2.2102e+00   2.0421e+00   2.1006e+00   2.1094e+00   3.4668e+00   8.3921e+00   9.6272e+00   4.8938e+00 
  5.1273e+00   4.6115e+00   4.6636e+00   3.9011e+00   3.3723e+00   3.0752e+00   2.8323e+00   2.6689e+00   2.4464e+00   2.2432e+00   2.1843e+00   2.2785e+00   2.2757e+00   2.6036e+00   2.8629e+00   4.4803e+00   1.0663e+01   1.0927e+01   5.9440e+00 
  5.2459e+00   4.6073e+00   4.6479e+00   3.8591e+00   3.3056e+00   2.9842e+00   2.7595e+00   2.5898e+00   2.4252e+00   2.3462e+00   2.3731e+00   2.7020e+00   2.8724e+00   3.2878e+00   3.5308e+00   5.2486e+00   1.2181e+01   1.2102e+01   6.7692e+00 
  5.1171e+00   4.4685e+00   4.5671e+00   3.7909e+00   3.2329e+00   2.8733e+00   2.7884e+00   2.6847e+00   2.7229e+00   2.7636e+00   2.9124e+00   3.2922e+00   3.4755e+00   3.7539e+00   3.9401e+00   5.6945e+00   1.2908e+01   1.3376e+01   7.6318e+00 
  4.9911e+00   4.3888e+00   4.4577e+00   3.7063e+00   3.2369e+00   2.9756e+00   3.0168e+00   3.0779e+00   3.2015e+00   3.2299e+00   3.3700e+00   3.6609e+00   3.7510e+00   3.9764e+00   4.1975e+00   6.1453e+00   1.3928e+01   1.4671e+01   8.2625e+00 
  4.8883e+00   4.3296e+00   4.3431e+00   3.6312e+00   3.3284e+00   3.2299e+00   3.3537e+00   3.5381e+00   3.5885e+00   3.5418e+00   3.5981e+00   3.8151e+00   3.8962e+00   4.1830e+00   4.4890e+00   6.6920e+00   1.5433e+01   1.5561e+01   8.6395e+00 
  4.7622e+00   4.2241e+00   4.2552e+00   3.6704e+00   3.4915e+00   3.4737e+00   3.5794e+00   3.7061e+00   3.7732e+00   3.6849e+00   3.7363e+00   3.9460e+00   4.0919e+00   4.4896e+00   4.8615e+00   7.0373e+00   1.6242e+01   1.5818e+01   8.9321e+00 
  4.6112e+00   4.1087e+00   4.2322e+00   3.7825e+00   3.5980e+00   3.5297e+00   3.6069e+00   3.8096e+00   3.9861e+00   3.8531e+00   3.8891e+00   4.1616e+00   4.4380e+00   4.8788e+00   5.0805e+00   7.2691e+00   1.6910e+01   1.6751e+01   9.6143e+00 
  4.5880e+00   4.0775e+00   4.3321e+00   4.0415e+00   3.7605e+00   3.5464e+00   3.6566e+00   4.0507e+00   4.2729e+00   4.1427e+00   4.1859e+00   4.5467e+00   4.8313e+00   5.2676e+00   5.3063e+00   7.7242e+00   1.7939e+01   1.8024e+01   1.0372e+01 
  4.7298e+00   4.3629e+00   4.6959e+00   4.3788e+00   4.0443e+00   3.7790e+00   3.8883e+00   4.3482e+00   4.6372e+00   4.5488e+00   4.6600e+00   5.1017e+00   5.3873e+00   5.7698e+00   5.7062e+00   8.2403e+00   1.8678e+01   1.8798e+01   1.0763e+01 
  5.1505e+00   4.7597e+00   5.0769e+00   4.5905e+00   4.2253e+00   4.0553e+00   4.2206e+00   4.8097e+00   5.1911e+00   5.1047e+00   5.2438e+00   5.6595e+00   5.8560e+00   6.0913e+00   5.9811e+00   8.5338e+00   1.9485e+01   1.9651e+01   1.1326e+01 
  5.5932e+00   5.1023e+00   5.4172e+00   4.8639e+00   4.4101e+00   4.4244e+00   4.7663e+00   5.2839e+00   5.6169e+00   5.5784e+00   5.6436e+00   5.9951e+00   6.1214e+00   6.2950e+00   6.1386e+00   8.8815e+00   2.0381e+01   2.0523e+01   1.1910e+01 
  5.9931e+00   5.6285e+00   6.0082e+00   5.4359e+00   4.9329e+00   4.9680e+00   5.2450e+00   5.5824e+00   5.9115e+00   5.9273e+00   5.9309e+00   6.2247e+00   6.4224e+00   6.6091e+00   6.4828e+00   9.3456e+00   2.1136e+01   2.1278e+01   1.2330e+01 
  6.5157e+00   6.1377e+00   6.5527e+00   5.9274e+00   5.4289e+00   5.3234e+00   5.4980e+00   5.8398e+00   6.1846e+00   6.2014e+00   6.2410e+00   6.4947e+00   6.7547e+00   6.9637e+00   6.9114e+00   9.7945e+00   2.1683e+01   2.1929e+01   1.2792e+01 
  6.8151e+00   6.2550e+00   6.6291e+00   5.9980e+00   5.6050e+00   5.4863e+00   5.6954e+00   6.0400e+00   6.3389e+00   6.3569e+00   6.4494e+00   6.7207e+00   6.9285e+00   7.1897e+00   7.2336e+00   1.0673e+01   2.2812e+01   2.2901e+01   1.3603e+01 
  6.8642e+00   6.2317e+00   6.5385e+00   5.9079e+00   5.6062e+00   5.5470e+00   5.8372e+00   6.0664e+00   6.1124e+00   6.1619e+00   6.3279e+00   6.5828e+00   6.7329e+00   7.0677e+00   7.5496e+00   1.1522e+01   2.5059e+01   2.4835e+01   1.4632e+01 
  6.9835e+00   6.4471e+00   6.7678e+00   6.0656e+00   5.7655e+00   5.6678e+00   5.8048e+00   5.7741e+00   5.6160e+00   5.6743e+00   5.8101e+00   6.0955e+00   6.2902e+00   6.7376e+00   7.8999e+00   1.2123e+01   2.7119e+01   2.6551e+01   1.5281e+01 
  7.2263e+00   6.6602e+00   7.0050e+00   6.1682e+00   5.7655e+00   5.5932e+00   5.5155e+00   5.3145e+00   5.1393e+00   5.2238e+00   5.2748e+00   5.5837e+00   5.8316e+00   6.3310e+00   7.2933e+00   1.1950e+01   2.8773e+01   2.8783e+01   1.6218e+01 
  7.2850e+00   6.5807e+00   6.8292e+00   5.9764e+00   5.5045e+00   5.2782e+00   5.1176e+00   4.8368e+00   4.6934e+00   4.8246e+00   4.8754e+00   5.1678e+00   5.4092e+00   5.9026e+00   6.1911e+00   1.0387e+01   2.7783e+01   2.9574e+01   1.7914e+01 
  7.2594e+00   6.3987e+00   6.5949e+00   5.7997e+00   5.3134e+00   5.0447e+00   4.7521e+00   4.4490e+00   4.3151e+00   4.4000e+00   4.4920e+00   4.8172e+00   5.0528e+00   5.4678e+00   5.4912e+00   8.4300e+00   2.2877e+01   2.7105e+01   1.7976e+01 
  7.2653e+00   6.2923e+00   6.5254e+00   5.6716e+00   5.1562e+00   4.8063e+00   4.4236e+00   4.2043e+00   4.0460e+00   4.0481e+00   4.1580e+00   4.5284e+00   4.7361e+00   5.0667e+00   5.0258e+00   7.2278e+00   1.8375e+01   2.2132e+01   1.6112e+01 
  7.0951e+00   6.2092e+00   6.6256e+00   5.6248e+00   4.9226e+00   4.5262e+00   4.1875e+00   4.0747e+00   3.8618e+00   3.7941e+00   3.8769e+00   4.2679e+00   4.4168e+00   4.7160e+00   4.6162e+00   6.5598e+00   1.6150e+01   1.7649e+01   1.2945e+01 
  6.7962e+00   6.2267e+00   6.8019e+00   5.6225e+00   4.6748e+00   4.2393e+00   4.0416e+00   3.9785e+00   3.7663e+00   3.7089e+00   3.6650e+00   3.9901e+00   4.1236e+00   4.3733e+00   4.2357e+00   6.0244e+00   1.4569e+01   1.5320e+01   9.7149e+00 
  6.7269e+00   6.3361e+00   6.6703e+00   5.3775e+00   4.5390e+00   4.0025e+00   3.9487e+00   3.8717e+00   3.7272e+00   3.7490e+00   3.6358e+00   3.7764e+00   3.8707e+00   4.0416e+00   3.9852e+00   5.7050e+00   1.3289e+01   1.3622e+01   8.0225e+00 
  6.8050e+00   6.2223e+00   6.2476e+00   5.1180e+00   4.5819e+00   4.0301e+00   3.9505e+00   3.7822e+00   3.7239e+00   3.8270e+00   3.8592e+00   3.7287e+00   3.6677e+00   3.7702e+00   3.9413e+00   5.7753e+00   1.3110e+01   1.3237e+01   7.8234e+00 
  6.6172e+00   5.8783e+00   5.8858e+00   5.0738e+00   4.6800e+00   4.2086e+00   4.0344e+00   3.8149e+00   3.7324e+00   3.9062e+00   4.0622e+00   3.8122e+00   3.5268e+00   3.5558e+00   3.9709e+00   6.1850e+00   1.3871e+01   1.3991e+01   8.5107e+00 
  6.3659e+00   5.7099e+00   5.7983e+00   5.0849e+00   4.6327e+00   4.2338e+00   4.1271e+00   3.8980e+00   3.7725e+00   4.0186e+00   4.1722e+00   3.8017e+00   3.4485e+00   3.4352e+00   3.9456e+00   6.4781e+00   1.4988e+01   1.5228e+01   9.1608e+00 
  5.9576e+00   5.4749e+00   5.6523e+00   4.8971e+00   4.3678e+00   3.9983e+00   4.0964e+00   4.0169e+00   3.9441e+00   4.1728e+00   4.1755e+00   3.6654e+00   3.4522e+00   3.5178e+00   4.0502e+00   6.5301e+00   1.5745e+01   1.6371e+01   9.4225e+00 
  4.8846e+00   4.6948e+00   5.1163e+00   4.4005e+00   3.8414e+00   3.4668e+00   3.8093e+00   4.0555e+00   4.1360e+00   4.2155e+00   4.0687e+00   3.6149e+00   3.5350e+00   3.8733e+00   4.3697e+00   6.4615e+00   1.5608e+01   1.6338e+01   9.2876e+00 
  3.3976e+00   3.5624e+00   4.1837e+00   3.5815e+00   3.0731e+00   2.7694e+00   3.2299e+00   3.7961e+00   4.1488e+00   4.0948e+00   3.9450e+00   3.5975e+00   3.5957e+00   4.1201e+00   4.5221e+00   6.3452e+00   1.5064e+01   1.5701e+01   8.5517e+00 
  2.1754e+00   2.5239e+00   3.0847e+00   2.6267e+00   2.3202e+00   2.1248e+00   2.5814e+00   3.3601e+00   3.9193e+00   3.8636e+00   3.6746e+00   3.5924e+00   3.6066e+00   4.0566e+00   4.3123e+00   6.1607e+00   1.4090e+01   1.4174e+01   7.2578e+00 
  1.4973e+00   1.7996e+00   2.1554e+00   1.9266e+00   1.8243e+00   1.6880e+00   2.0068e+00   2.7979e+00   3.4749e+00   3.4887e+00   3.1880e+00   3.4353e+00   3.4457e+00   3.7849e+00   3.7802e+00   5.5365e+00   1.2611e+01   1.2537e+01   5.6212e+00 
  1.2516e+00   1.3768e+00   1.6709e+00   1.6190e+00   1.7244e+00   1.5297e+00   1.5624e+00   2.1604e+00   2.9082e+00   2.9356e+00   2.5388e+00   2.8482e+00   2.8195e+00   3.1269e+00   3.0155e+00   4.6440e+00   1.1135e+01   1.1055e+01   4.3360e+00 
  1.2515e+00   1.2618e+00   1.6243e+00   1.7105e+00   2.0694e+00   1.8201e+00   1.5205e+00   1.6681e+00   2.2675e+00   2.2559e+00   1.8459e+00   2.0622e+00   2.0407e+00   2.2621e+00   2.2735e+00   3.7000e+00   9.4555e+00   9.8629e+00   3.7833e+00 
  1.5576e+00   1.5608e+00   1.8193e+00   2.0932e+00   2.5934e+00   2.3407e+00   1.8792e+00   1.4085e+00   1.6648e+00   1.6391e+00   1.3408e+00   1.4462e+00   1.5120e+00   1.7185e+00   1.7941e+00   2.9041e+00   8.4804e+00   8.8435e+00   3.5979e+00 
  2.1943e+00   2.1295e+00   2.1393e+00   2.5264e+00   2.9466e+00   2.7146e+00   2.3533e+00   1.4586e+00   1.2468e+00   1.2292e+00   1.1002e+00   1.1716e+00   1.3390e+00   1.5288e+00   1.5174e+00   2.5229e+00   7.7944e+00   6.8033e+00   3.3938e+00 
  2.7660e+00   2.6218e+00   2.4783e+00   2.8392e+00   2.9979e+00   2.7931e+00   2.7319e+00   1.8252e+00   1.1946e+00   1.2217e+00   1.2092e+00   1.2845e+00   1.3926e+00   1.5264e+00   1.4648e+00   2.5619e+00   8.1091e+00   6.7228e+00   3.4640e+00 
  2.9666e+00   2.8078e+00   2.7360e+00   2.8211e+00   2.9003e+00   2.6419e+00   2.9271e+00   2.2751e+00   1.4343e+00   1.6257e+00   1.6901e+00   1.5527e+00   1.5443e+00   1.5536e+00   1.5894e+00   2.6072e+00   7.6724e+00   8.5617e+00   3.9437e+00 
  2.9442e+00   2.8100e+00   2.8274e+00   2.5835e+00   2.6313e+00   2.4207e+00   2.8763e+00   2.6060e+00   1.6530e+00   1.9022e+00   2.1253e+00   1.8739e+00   1.7877e+00   1.6556e+00   1.7539e+00   2.7609e+00   8.2678e+00   8.1795e+00   4.0793e+00 
  2.8768e+00   2.6957e+00   2.7967e+00   2.3353e+00   2.3152e+00   2.1941e+00   2.6414e+00   2.8717e+00   2.0517e+00   2.2303e+00   2.6288e+00   2.3948e+00   2.1820e+00   1.9485e+00   1.9911e+00   2.8274e+00   8.2623e+00   8.7486e+00   4.1967e+00 
  2.8014e+00   2.5375e+00   2.6013e+00   2.1267e+00   2.1049e+00   1.9915e+00   2.3347e+00   2.9876e+00   2.6339e+00   2.6904e+00   2.9933e+00   2.7939e+00   2.6203e+00   2.3402e+00   2.2747e+00   3.0187e+00   8.1179e+00   1.0409e+01   4.6612e+00 
  2.6691e+00   2.4022e+00   2.2856e+00   1.8933e+00   1.8049e+00   1.7546e+00   2.0200e+00   2.8482e+00   3.0378e+00   2.9053e+00   2.9841e+00   3.0319e+00   2.9007e+00   2.6390e+00   2.7013e+00   3.3330e+00   9.1463e+00   1.1036e+01   4.9948e+00 
  2.4864e+00   2.1636e+00   1.9578e+00   1.5741e+00   1.4645e+00   1.4927e+00   1.7364e+00   2.5180e+00   2.9943e+00   2.7770e+00   2.7788e+00   3.1596e+00   3.0981e+00   2.9485e+00   3.1583e+00   3.8055e+00   9.7756e+00   9.8974e+00   4.9189e+00 
  2.2008e+00   1.8459e+00   1.6378e+00   1.3478e+00   1.2179e+00   1.2696e+00   1.4820e+00   2.1549e+00   2.5773e+00   2.4686e+00   2.4896e+00   3.1503e+00   3.1271e+00   3.1319e+00   3.4232e+00   4.3257e+00   1.0115e+01   9.7668e+00   4.6724e+00 
  1.7854e+00   1.4724e+00   1.3472e+00   1.1237e+00   1.0377e+00   1.1066e+00   1.2625e+00   1.8199e+00   2.0615e+00   2.1714e+00   2.2409e+00   2.9788e+00   3.0262e+00   3.1521e+00   3.4761e+00   4.5872e+00   1.0897e+01   1.0307e+01   4.7177e+00 
  1.4602e+00   1.1735e+00   1.0436e+00   8.7264e-01   8.6946e-01   9.4499e-01   1.0872e+00   1.5510e+00   1.6659e+00   1.9634e+00   2.0117e+00   2.6212e+00   2.8648e+00   2.9999e+00   3.3168e+00   4.8703e+00   1.1427e+01   1.1746e+01   4.7136e+00 
  1.1249e+00   9.6054e-01   7.8741e-01   7.4423e-01   6.7934e-01   8.0201e-01   9.9210e-01   1.2942e+00   1.2844e+00   1.7365e+00   1.7397e+00   2.1809e+00   2.6288e+00   2.7747e+00   3.0211e+00   4.7712e+00   1.0744e+01   1.1083e+01   4.2616e+00 
  7.5238e-01   7.4709e-01   6.5491e-01   6.6126e-01   6.3606e-01   6.6864e-01   8.6667e-01   1.0650e+00   1.0159e+00   1.5452e+00   1.5143e+00   1.9054e+00   2.4326e+00   2.5449e+00   2.7073e+00   4.4356e+00   1.0690e+01   9.9564e+00   3.7281e+00 
  6.0333e-01   5.7556e-01   6.2589e-01   5.7967e-01   6.0316e-01   5.9058e-01   7.0711e-01   8.5222e-01   8.2419e-01   1.3397e+00   1.2715e+00   1.6251e+00   2.1448e+00   2.2441e+00   2.3531e+00   4.0849e+00   1.1111e+01   9.3194e+00   3.5631e+00 
  6.5534e-01   5.0307e-01   5.3452e-01   6.3317e-01   5.6534e-01   5.7120e-01   6.2365e-01   7.4005e-01   6.8572e-01   1.0706e+00   9.9515e-01   1.2753e+00   1.7020e+00   1.9695e+00   1.9969e+00   3.6878e+00   1.0928e+01   9.4823e+00   3.6012e+00 
  6.6427e-01   5.2514e-01   6.0200e-01   6.4798e-01   5.1425e-01   4.8296e-01   5.5589e-01   6.2840e-01   6.3435e-01   7.4891e-01   7.7483e-01   9.6766e-01   1.2645e+00   1.7109e+00   1.6677e+00   3.1366e+00   9.8827e+00   9.0509e+00   3.6195e+00 
  1.3259e+00   9.4925e-01   7.1163e-01   6.1720e-01   5.3003e-01   4.7387e-01   5.4536e-01   5.5067e-01   5.8685e-01   5.9806e-01   6.4791e-01   6.5918e-01   9.2271e-01   1.3950e+00   1.4661e+00   2.6755e+00   8.7840e+00   8.7024e+00   3.4443e+00 
  8.1182e-01   1.2229e+00   1.3960e+00   6.3175e-01   5.0078e-01   4.8748e-01   5.0734e-01   5.8540e-01   5.9115e-01   5.6454e-01   5.6260e-01   5.1297e-01   7.8683e-01   1.0944e+00   1.1721e+00   2.3220e+00   8.3696e+00   8.2405e+00   2.9124e+00 
  7.1956e-01   6.8636e-01   7.9246e-01   7.2252e-01   5.4190e-01   4.6838e-01   4.2269e-01   5.1064e-01   5.5264e-01   5.0806e-01   5.5285e-01   5.5615e-01   6.5091e-01   8.2922e-01   8.0257e-01   1.7460e+00   5.5091e+00   5.7657e+00   2.4972e+00 
  8.0943e-01   9.8375e-01   1.4328e+00   8.7120e-01   5.6671e-01   4.9103e-01   5.2069e-01   5.2899e-01   5.6056e-01   4.8719e-01   5.1581e-01   5.9685e-01   6.6167e-01   6.9736e-01   6.3853e-01   1.5325e+00   4.5268e+00   5.4337e+00   2.4219e+00 
  1.1038e+00  -9.9900e+02   9.5818e-01   5.3737e-01   6.1186e-01   5.0605e-01   4.9382e-01   4.5773e-01   4.7677e-01   4.8182e-01   5.9022e-01   6.5709e-01   6.4828e-01   6.2671e-01   6.7156e-01   1.0912e+00   7.0787e+00   6.6145e+00   2.2790e+00 
  7.0273e-01   1.1253e+00   1.0253e+00   7.9141e-01   7.5466e-01   8.0031e-01   8.4785e-01   6.8622e-01   6.7940e-01   5.0144e-01   5.9605e-01   5.2988e-01   7.9936e-01   9.9174e-01   7.8921e-01   1.3659e+00   7.7425e+00   8.4448e+00   2.8601e+00 
  8.2478e-01   1.0785e+00   9.8470e-01   9.9658e-01   6.5639e-01   7.6685e-01   8.5143e-01   8.8359e-01   8.4179e-01   6.8822e-01   7.0615e-01   6.1385e-01   6.7114e-01   8.0013e-01   8.0270e-01   3.3712e+00   1.1341e+01   8.3702e+00   3.0075e+00 

Temperature (K)
  -999.00   -999.00   -999.00   -999.00   -999.00   -999.00   -999.00   -999.00   -999.00   -999.00   -999.00   -999.00   -999.00   -999.00   -999.00   -999.00   -999.00   -999.00   -999.00 
  -999.00   -999.00   -999.00   -999.00   -999.00   -999.00   -999.00   -999.00   -999.00   -999.00   -999.00   -999.00   -999.00   -999.00   -999.00   -999.00   -999.00   -999.00   -999.00 
  -999.00   -999.00   -999.00   -999.00   -999.00   -999.00   -999.00   -999.00   -999.00   -999.00   -999.00   -999.00   -999.00   -999.00   -999.00   -999.00   -999.00   -999.00   -999.00 
  -999.00   -999.00   -999.00   -999.00   -999.00   -999.00   -999.00   -999.00   -999.00   -999.00   -999.00   -999.00   -999.00   -999.00   -999.00   -999.00   -999.00   -999.00   -999.00 
  -999.00   -999.00   -999.00   -999.00   -999.00   -999.00   -999.00   -999.00   -999.00   -999.00   -999.00   -999.00   -999.00   -999.00   -999.00   -999.00   -999.00   -999.00   -999.00 
  -999.00   -999.00   -999.00   -999.00    233.82    245.19   -999.00   -999.00   -999.00   -999.00   -999.00   -999.00   -999.00   -999.00   -999.00   -999.00   -999.00   -999.00   -999.00 
  -999.00    235.81    193.46    195.94    193.13    191.94    196.33   -999.00   -999.00   -999.00   -999.00   -999.00   -999.00   -999.00   -999.00   -999.00   -999.00   -999.00   -999.00 
   188.00    188.52    185.09    184.87    184.78    184.28    183.59    209.95   -999.00   -999.00   -999.00   -999.00    247.37   -999.00   -999.00   -999.00   -999.00   -999.00   -999.00 
   181.78    183.49    183.67    182.61    184.28    185.35    184.81    188.33    188.65    184.77    193.24    205.05    196.48    196.76   -999.00   -999.00   -999.00   -999.00   -999.00 
   180.59    178.36    180.71    181.13    183.23    182.37    177.08    174.73    176.12    179.60    183.76    181.17    184.78    206.00   -999.00   -999.00   -999.00   -999.00   -999.00 
   179.38    176.70    178.65    178.19    175.95    176.54    173.34    173.40    174.61    177.79    174.84    174.67    175.69    194.05   -999.00   -999.00   -999.00   -999.00   -999.00 
   174.86    174.98    174.92    174.36    171.43    172.63    172.08    173.23    174.50    173.85    169.76    170.54    170.35    176.01    189.03   -999.00   -999.00   -999.00   -999.00 
   171.50    171.81    171.24    172.12    172.03    171.03    170.64    170.58    170.73    170.63    168.29    167.12    166.21    167.88    174.72    192.58   -999.00    236.83    198.83 
   169.63    167.80    168.80    168.89    168.67    168.72    165.52    164.97    165.86    165.59    165.51    164.78    162.59    163.38    162.18    169.61    203.19    211.30    171.32 
   165.20    163.82    164.84    164.01    162.28    163.86    159.99    159.59    159.17    158.71    159.97    161.74    159.66    161.25    159.13    163.86    190.93    183.05    167.23 
   162.40    160.90    159.45    159.70    158.78    159.43    156.29    153.93    152.68    153.85    154.13    158.14    157.54    159.61    159.52    163.47    182.48    174.69    163.45 
   158.80    156.58    155.74    155.72    155.09    153.47    151.52    150.68    151.46    152.11    153.80    155.90    154.78    157.02    158.93    163.22    170.04    171.55    164.49 
   153.66    152.10    152.54    152.47    150.75    149.71    149.08    150.39    150.55    150.61    152.84    154.82    153.60    155.09    156.41    160.50    163.84    172.03    164.02 
   149.90    149.28    148.82    148.02    146.78    147.58    147.09    147.52    148.72    147.90    149.49    151.69    151.26    152.70    155.24    159.08    165.54    166.97    159.32 
   146.35    145.33    145.62    144.66    144.22    145.00    145.55    146.01    147.53    145.84    147.04    147.38    147.66    151.66    154.54    157.26    162.51    159.35    156.39 
   142.79    141.71    142.86    142.67    143.12    143.09    144.04    145.50    146.77    144.57    145.09    146.34    148.27    150.90    152.60    156.25    162.64    161.18    157.76 
   140.45    139.29    140.88    142.19    142.43    140.98    141.80    143.54    145.92    144.30    144.82    147.87    149.31    150.18    151.58    155.54    161.04    160.02    158.28 
   139.65    139.05    141.13    142.91    141.86    140.36    140.88    143.12    146.44    145.65    146.64    149.36    150.88    152.69    153.25    157.69    161.72    157.61    157.17 
   140.02    140.41    141.39    142.08    140.69    139.95    140.46    144.57    148.95    147.96    149.01    151.66    152.58    153.40    154.44    157.53    163.11    160.71    159.42 
   141.07    141.34    141.99    142.33    139.96    140.42    142.85    147.21    150.19    149.95    150.92    153.31    153.01    152.96    153.52    157.49    162.87    161.35    160.91 
   142.26    143.91    145.83    146.58    144.21    144.01    145.61    148.90    151.94    151.75    151.14    153.16    154.23    154.85    154.47    160.46    167.12    161.76    160.75 
   143.56    145.79    148.55    149.28    147.25    146.28    146.36    149.01    154.02    154.06    153.43    155.34    158.37    159.29    159.61    166.34    168.50    164.90    164.52 
   145.23    145.38    146.08    146.63    145.37    145.76    146.98    152.22    163.80    162.72    161.77    167.25    173.02    172.32    171.11    176.17    173.16    172.37    172.42 
   144.92    143.89    143.50    144.68    144.28    146.20    152.88    167.64    184.18    181.38    178.72    183.80    188.78    185.30    182.10    183.82    180.85    180.08    178.19 
   145.00    147.45    150.21    151.87    154.60    159.10    169.94    184.69    196.75    195.99    195.17    196.22    194.92    190.27    185.76    187.09    183.74    180.51    179.96 
   150.72    155.22    162.59    165.29    169.34    174.28    183.40    193.42    199.76    200.67    199.87    199.22    195.92    192.13    189.55    192.30    189.89    181.81    181.86 
   157.46    162.27    169.69    174.17    178.29    181.33    188.07    196.16    201.54    200.62    198.38    197.71    195.11    192.32    192.55    194.31    192.45    184.35    185.39 
   165.29    169.86    175.44    179.36    182.48    185.28    192.26    200.76    202.12    198.79    197.10    195.25    195.41    191.72    191.86    192.51    188.37    182.12    186.28 
   171.81    175.40    181.28    184.00    185.44    187.22    191.68    198.37    200.99    200.61    198.33    195.04    194.11    192.57    193.26    193.31    198.91    187.57    186.59 
   173.72    177.88    184.47    185.73    186.55    187.98    190.00    191.65    195.81    199.28    196.03    193.83    191.64    192.44    194.29    196.38    209.97    196.43    189.75 
   174.12    178.19    183.44    184.52    185.28    185.15    188.98    189.87    192.85    194.58    193.49    192.27    190.01    190.00    190.17    198.45    212.53    203.91    190.84 
   173.91    176.55    179.17    180.92    182.30    180.54    184.91    188.71    190.61    191.52    191.77    188.45    186.69    186.10    186.89    196.05    204.99    198.53    187.19 
   172.94    173.83    177.19    178.90    178.86    179.51    181.30    183.72    186.17    187.90    187.42    185.94    185.25    186.26    187.49    191.25    201.35    196.29    186.73 
   170.23    170.19    172.74    175.99    177.46    178.89    179.11    180.48    183.23    182.92    182.93    182.71    181.90    183.72    185.46    186.83    193.13    190.75    186.64 
   170.93    170.15    170.86    173.24    176.08    175.63    176.49    177.25    181.17    180.86    180.94    179.83    177.20    178.57    181.38    183.63    185.62    183.09    186.44 
   174.30    172.24    170.60    172.19    174.66    176.54    175.80    175.23    176.23    178.49    179.49    178.20    174.58    174.78    178.60    181.54    189.88    191.38    186.98 
   182.85    180.74    176.87    177.66    180.32    182.58    179.11    176.34    173.68    174.76    175.35    175.74    174.23    173.04    176.73    179.24    192.58    198.79    188.04 
   200.41    193.62    186.28    187.45    191.48    190.92    182.40    175.55    175.68    174.48    175.85    170.94    169.02    170.41    176.63    178.48    186.30    191.82    190.48 
   218.83    205.13    193.55    196.06    200.19    192.67    188.60    180.52    177.93    178.83    178.66    169.19    165.79    169.22    176.54    181.61    197.51    196.82    200.94 
   214.56    210.82    196.82    195.63    207.14    210.84    200.47    189.55    180.40    184.03    183.72    176.41    175.17    176.57    183.32    186.36    211.60    214.34    204.13 
   210.82    213.42    206.76    204.17    224.24    236.40    218.64    196.06    182.26    187.34    192.72    188.67    192.75    196.60    199.61    198.67    227.26   -999.00    219.76 
   224.17    219.84    223.69    223.49    247.61    261.07    241.08    211.02    190.52    192.21    209.85    221.63    215.44    210.28    209.39    212.59   -999.00   -999.00    242.63 
   250.15    241.98    234.06    243.37    271.43    274.11    261.01    238.84    223.99    212.09    215.33    229.28    224.35    221.87    220.36    235.55   -999.00   -999.00    260.93 
   264.47    258.64    255.22    260.97    293.42    288.12    274.42    280.10    268.27    245.12    237.60    236.93    265.88    237.11    224.66   -999.00   -999.00   -999.00    254.85 
   275.65    269.56    265.83    283.94    295.76    293.68    280.31    297.38    272.16    244.25    239.58    244.39    265.76    248.40    235.57    261.56   -999.00   -999.00    250.68 
   284.35    274.53    274.95    293.33    297.41    293.50    296.27    292.29    264.53    249.08    243.96    246.86    263.73    258.24    253.87    266.36   -999.00   -999.00   -999.00 
   278.41    274.38    277.53    286.45    289.95    288.08    296.11    281.37    259.54    260.43    251.98    248.40    263.68    261.10    259.82    268.63   -999.00   -999.00   -999.00 
   274.24    272.59    282.35    278.79    280.75    284.52    289.15    276.22    268.91    260.57    259.22    256.65    257.22    260.73    264.90    280.53   -999.00   -999.00    258.19 
   280.49    271.90    277.91    282.72    303.39    295.38    287.36    276.44    272.61    259.32    261.73    262.98    265.07    272.78    264.85   -999.00   -999.00   -999.00    281.81 
   291.37    284.20    269.19    292.01    310.94    297.75    283.32    274.99    270.40    267.07    259.68    262.78    256.11    264.61    266.42   -999.00   -999.00   -999.00    273.71 
   300.26    293.74    266.22    273.54    295.87    287.58    282.76    273.17    266.81    270.06    267.88    263.83    250.82    251.25    267.09    259.30   -999.00   -999.00    257.78 
   300.99    287.53    276.73   -999.00    305.09    278.62    278.94    280.51    277.41    262.61    260.66    267.03    251.57    248.39    255.47    261.55   -999.00   -999.00    241.20 
   289.82    278.45   -999.00   -999.00   -999.00   -999.00    276.38    274.09    275.78    269.85    256.40    261.96    253.56    246.68    243.05    253.74   -999.00   -999.00    248.43 
  -999.00   -999.00   -999.00   -999.00   -999.00   -999.00   -999.00    284.10    271.68    272.12    265.38    251.60    249.11    241.27    237.03   -999.00   -999.00   -999.00   -999.00 
  -999.00   -999.00   -999.00   -999.00   -999.00   -999.00   -999.00   -999.00    266.95    257.15    254.30    231.57    237.17    235.70    229.78    268.22   -999.00   -999.00   -999.00 
  -999.00   -999.00   -999.00   -999.00   -999.00   -999.00   -999.00   -999.00    254.07    258.26    253.33    244.63    244.80    240.59    236.11    243.89   -999.00   -999.00   -999.00 
  -999.00   -999.00   -999.00   -999.00   -999.00   -999.00   -999.00   -999.00   -999.00    261.60    275.38    262.56    249.06    237.19    245.42    254.96   -999.00   -999.00   -999.00 
  -999.00   -999.00   -999.00   -999.00   -999.00   -999.00   -999.00   -999.00   -999.00   -999.00   -999.00   -999.00    266.70    237.46    239.82    257.94   -999.00   -999.00   -999.00 
  -999.00   -999.00   -999.00   -999.00   -999.00   -999.00   -999.00   -999.00   -999.00   -999.00   -999.00   -999.00   -999.00    243.04    243.84    251.80   -999.00   -999.00   -999.00 
  -999.00   -999.00   -999.00   -999.00   -999.00   -999.00   -999.00   -999.00   -999.00   -999.00   -999.00   -999.00   -999.00    236.61   -999.00   -999.00   -999.00   -999.00   -999.00 
  -999.00   -999.00   -999.00   -999.00   -999.00   -999.00   -999.00   -999.00   -999.00   -999.00   -999.00   -999.00   -999.00   -999.00   -999.00   -999.00   -999.00   -999.00   -999.00 
  -999.00   -999.00   -999.00   -999.00   -999.00   -999.00   -999.00   -999.00   -999.00   -999.00   -999.00   -999.00   -999.00   -999.00   -999.00   -999.00   -999.00   -999.00   -999.00 
  -999.00   -999.00   -999.00   -999.00   -999.00   -999.00   -999.00   -999.00   -999.00   -999.00   -999.00   -999.00   -999.00   -999.00   -999.00   -999.00   -999.00   -999.00   -999.00 
  -999.00   -999.00   -999.00   -999.00   -999.00   -999.00   -999.00   -999.00   -999.00   -999.00   -999.00   -999.00   -999.00   -999.00   -999.00   -999.00   -999.00   -999.00   -999.00 
  -999.00   -999.00   -999.00   -999.00   -999.00   -999.00   -999.00   -999.00   -999.00   -999.00   -999.00   -999.00   -999.00   -999.00   -999.00   -999.00   -999.00   -999.00   -999.00 
  -999.00   -999.00   -999.00   -999.00   -999.00   -999.00   -999.00   -999.00   -999.00   -999.00   -999.00   -999.00   -999.00   -999.00   -999.00   -999.00   -999.00   -999.00   -999.00 

Temperature Error (K)
   285.68    167.52    205.89   -999.00    245.03    285.76    294.99    484.40    247.39    196.86   1423.25   1773.21    302.26   -999.00   -999.00   -999.00   -999.00   -999.00   -999.00 
   177.37    207.41    212.32    314.76    398.34    564.60   -999.00   -999.00    426.22    381.57    326.04    663.04    896.50   -999.00   -999.00   -999.00   -999.00   -999.00    580.11 
   291.57    326.86    294.30    266.34    193.89    187.18   -999.00   -999.00    740.73    337.98    392.68    530.29    228.16    972.46   1384.42   -999.00    313.07    313.07    313.07 
   200.20    200.20   -999.00   -999.00    280.37    416.94   2352.03   2352.03    336.35    336.35    294.75    275.90    226.43    291.37    457.01    457.01    246.18    246.18    246.18 
   986.81    787.19    501.36    275.29    292.50    220.84   1441.10    665.72    652.74    429.80   1783.56   1323.07    295.36    295.36   -999.00   -999.00    847.88    847.88    781.62 
   234.72    150.70     95.67     53.06     37.25     49.89    134.06    245.54    238.81    210.47    930.13    764.62    437.75    558.42    615.46   -999.00    175.41    175.41    339.40 
    56.15     48.49     17.37     10.04      9.00      8.34     17.10     97.70    153.19    126.08    134.69    156.18    215.05    160.21    164.81    172.59    130.69    329.48    584.55 
    13.90      9.23      6.18      5.34      5.21      5.48      8.75     35.61     66.69     62.10    167.09     78.02     38.89     74.86     94.50    115.27    165.68   -999.00   -999.00 
     6.42      4.84      4.52      4.26      4.46      5.14      7.34     15.61     13.59     12.59     14.96     16.23     15.73     25.39     75.28     82.91    425.82    501.31   -999.00 
     4.61      3.52      3.88      3.93      4.21      4.62      5.55      7.28      6.13      6.32      7.61      7.92     11.66     29.16    133.23    298.01    158.69    223.17    211.01 
     3.70      3.17      3.58      3.70      3.50      3.82      4.37      4.60      4.42      4.90      5.26      6.35      9.26     23.68     81.45    138.97    170.20    121.86    172.27 
     3.28      2.90      3.20      3.28      2.93      3.17      3.63      3.65      3.85      4.32      4.47      5.39      7.34     12.53     27.69     66.52     97.17     75.81    134.97 
     2.96      2.59      2.77      2.83      2.74      2.86      3.20      3.22      3.59      4.12      4.22      4.58      5.58      6.97     12.60     24.40    134.58     47.25     35.14 
     2.74      2.27      2.45      2.48      2.55      2.77      2.91      3.06      3.46      3.92      4.08      4.25      4.60      5.05      5.10      7.54     26.21     39.62      8.58 
     2.45      2.04      2.25      2.32      2.38      2.67      2.78      3.01      3.31      3.64      3.84      4.04      4.00      4.07      3.55      5.04     17.29     16.48      6.22 
     2.32      2.01      2.12      2.24      2.36      2.63      2.76      2.91      3.09      3.32      3.30      3.36      3.17      3.14      2.83      4.18     12.79     12.67      5.17 
     2.31      1.97      2.09      2.18      2.35      2.53      2.59      2.72      2.76      2.79      2.74      2.65      2.51      2.63      2.54      3.75      9.70     11.19      4.79 
     2.25      1.91      2.08      2.17      2.23      2.35      2.35      2.42      2.33      2.33      2.36      2.35      2.30      2.45      2.32      3.32      8.12     11.02      4.49 
     2.20      1.90      2.05      2.11      2.06      2.13      2.09      2.03      2.05      2.07      2.13      2.18      2.18      2.28      2.17      2.99      7.95      9.20      3.98 
     2.18      1.86      2.03      2.00      1.92      1.93      1.94      1.90      1.95      1.95      2.00      2.01      2.00      2.12      2.01      2.83      7.45      7.36      3.74 
     2.17      1.83      2.01      1.90      1.87      1.86      1.90      1.86      1.85      1.86      1.89      1.90      1.90      1.96      1.89      2.81      7.16      7.14      3.63 
     2.13      1.81      1.92      1.80      1.80      1.81      1.84      1.73      1.72      1.74      1.77      1.81      1.79      1.81      1.80      2.63      6.63      6.43      3.43 
     2.07      1.71      1.78      1.71      1.68      1.71      1.73      1.62      1.62      1.64      1.65      1.66      1.66      1.74      1.73      2.57      6.41      6.05      3.25 
     1.93      1.62      1.68      1.62      1.58      1.61      1.60      1.52      1.52      1.52      1.54      1.56      1.58      1.68      1.70      2.48      6.43      6.36      3.21 
     1.83      1.55      1.61      1.56      1.51      1.50      1.48      1.45      1.43      1.45      1.48      1.52      1.53      1.64      1.66      2.40      6.15      6.20      3.12 
     1.75      1.47      1.54      1.50      1.46      1.42      1.42      1.42      1.41      1.42      1.43      1.48      1.50      1.63      1.61      2.45      6.44      6.14      3.05 
     1.66      1.40      1.49      1.44      1.40      1.38      1.38      1.37      1.40      1.42      1.42      1.47      1.54      1.65      1.63      2.51      6.43      6.36      3.10 
     1.65      1.38      1.44      1.38      1.34      1.35      1.36      1.40      1.60      1.58      1.55      1.68      1.86      1.92      1.82      2.55      6.23      6.61      3.24 
     1.65      1.37      1.42      1.39      1.33      1.35      1.46      1.76      2.18      2.10      2.00      2.14      2.33      2.30      2.03      2.58      6.33      6.63      3.32 
     1.64      1.42      1.53      1.50      1.53      1.60      1.88      2.30      2.73      2.71      2.68      2.70      2.67      2.58      2.08      2.60      6.10      6.20      3.29 
     1.73      1.54      1.78      1.79      1.88      1.98      2.34      2.80      3.09      3.12      3.12      3.08      2.94      2.83      2.41      2.88      6.43      5.86      3.19 
     1.90      1.74      2.02      2.09      2.22      2.32      2.70      3.20      3.50      3.40      3.34      3.32      3.17      3.07      2.94      3.53      6.97      6.02      3.08 
     2.13      1.99      2.27      2.32      2.43      2.58      3.09      3.71      3.89      3.68      3.62      3.48      3.48      3.34      3.30      4.26      8.22      6.48      3.14 
     2.34      2.19      2.49      2.56      2.61      2.81      3.33      3.83      4.12      4.17      4.02      3.75      3.69      3.67      3.73      5.05     13.59      9.22      3.57 
     2.49      2.31      2.56      2.67      2.81      3.04      3.49      3.68      4.12      4.45      4.24      3.97      3.86      4.01      4.13      6.01     18.47     14.03      4.78 
     2.64      2.34      2.50      2.66      2.96      3.17      3.63      3.73      4.15      4.33      4.43      4.21      4.09      4.32      4.32      6.83     19.63     18.09      6.49 
     2.70      2.28      2.45      2.69      2.98      3.20      3.56      3.85      4.14      4.17      4.44      4.29      4.26      4.47      4.49      7.21     18.92     18.00      7.50 
     2.67      2.27      2.59      2.79      2.86      3.19      3.44      3.75      3.98      4.00      4.02      4.32      4.47      4.88      4.65      6.78     20.14     17.66      7.85 
     2.68      2.32      2.64      2.74      2.77      3.08      3.31      3.62      3.90      3.74      3.66      4.15      4.52      5.07      4.61      6.02     16.33     15.70      7.39 
     2.85      2.42      2.65      2.66      2.79      2.95      3.19      3.44      3.80      3.58      3.52      4.04      4.45      4.95      4.49      5.60     12.79     13.39      6.76 
     3.22      2.63      2.73      2.77      2.95      3.24      3.20      3.30      3.44      3.39      3.50      4.12      4.33      4.66      4.27      5.45     13.50     14.45      6.70 
     4.57      3.57      3.32      3.36      3.71      4.16      3.62      3.36      3.19      3.23      3.45      4.15      4.24      4.17      3.90      5.34     14.46     16.21      6.99 
     8.46      5.89      4.68      4.74      5.45      5.99      4.59      3.59      3.32      3.32      3.68      3.89      3.97      3.83      3.77      5.32     14.20     15.61      8.08 
    17.96     10.19      7.14      7.47      8.09      7.79      6.47      4.53      3.64      3.79      4.15      3.80      3.85      3.92      4.04      6.20     17.56     17.88     11.86 
    22.59     14.92     10.63     10.15     11.08     12.96      9.58      6.65      4.28      4.54      5.15      4.45      4.67      4.65      5.20      7.42     25.79     27.56     16.23 
    25.47     19.29     15.37     13.20     14.30     18.68     15.15      9.98      5.38      5.76      7.51      6.48      7.46      7.52      8.11     10.75     33.51     50.88     24.52 
    29.95     21.44     19.48     15.41     15.61     19.65     19.23     14.73      7.98      8.45     12.85     14.41     13.38     12.14     12.45     17.58     67.18    149.26     36.55 
    31.19     22.84     19.19     15.22     15.25     16.29     19.20     22.83     16.97     15.07     17.79     21.27     20.02     17.61     17.95     32.38    131.46    169.30     45.71 
    25.51     19.50     19.94     14.66     15.80     15.51     17.19     35.66     33.58     26.98     29.43     28.04     45.33     23.56     22.49     50.06    339.83    130.35     45.85 
    21.08     16.97     18.24     16.44     15.52     15.89     15.10     34.90     33.90     26.83     28.14     28.57     39.27     27.89     27.28     44.15    192.76    207.05     45.08 
    21.56     16.25     18.14     17.79     16.75     16.67     16.05     24.87     26.43     22.23     20.96     23.45     28.95     31.63     29.98     41.85    139.70    188.28     93.66 
    21.32     16.39     18.15     18.95     17.46     17.45     16.51     17.93     22.56     20.31     17.11     19.31     25.45     28.28     27.56     46.26    120.45    140.20     71.41 
    20.48     16.69     20.27     19.67     18.46     19.55     17.84     15.02     20.41     16.91     14.70     16.40     19.17     23.77     25.50     47.57    122.78     96.29     37.16 
    22.18     17.39     20.99     23.52     27.49     24.54     19.87     14.29     16.38     13.80     13.24     14.57     17.32     23.98     22.28     91.28    169.40    219.17     47.76 
    25.88     21.46     21.81     29.36     31.03     30.17     23.15     15.43     13.49     14.32     12.56     13.60     14.11     19.14     19.16     75.75    209.18    154.73     42.89 
    30.18     27.54     25.71     30.93     36.08     31.80     29.05     17.79     13.37     15.63     15.18     13.59     12.53     14.47     16.64     33.02    146.69     90.27     34.88 
    35.42     30.66     40.88     50.24     48.34     34.54     33.81     22.42     17.89     16.37     16.08     14.43     12.56     13.64     13.48     22.94     72.21    108.59     31.28 
    42.94     37.31     70.70     87.52     66.75     65.29     40.13     24.94     22.17     20.69     17.33     14.66     13.31     13.59     11.94     24.54    102.92    134.73     34.37 
   119.14     59.85     65.94     74.05     90.91     85.04     53.83     34.16     30.05     23.95     21.56     15.30     13.92     13.81     12.07     59.36    194.62     72.51     54.96 
   167.91    251.84    124.85    109.59     89.73     87.73     90.79     51.24     36.39     24.92     23.68     15.30     13.72     14.33     12.37     46.74    116.50     77.33     69.71 
   159.05    396.02    153.49    176.26    168.04    147.90    171.85     73.22     43.67     34.50     28.66     22.38     16.52     16.49     15.59     24.42    123.55     79.83     60.69 
   648.27    546.25    212.38    342.98    302.27    149.03    149.93     59.74     64.72     44.88     49.77     31.09     20.29     17.98     21.51     31.01    148.30     92.54     58.78 
   270.72    523.50    537.61    338.90    365.69    184.07    153.72    162.84     97.28     65.08     90.67     57.47     38.06     20.62     24.03     33.18     85.45    141.59     63.62 
   316.04    296.42    278.05    320.51    330.73    177.66    175.76    205.78    125.87     71.88     75.80     67.48     50.28     27.29     34.99     42.08    107.09    143.89     69.87 
   233.59    217.92    225.28    259.12    191.93    141.69    501.87    239.69    319.56    167.16     68.08     62.66     60.88     32.15     77.34     85.66    138.92    345.70    107.29 
  -999.00   -999.00   -999.00    224.47    186.50    237.60    228.92    199.43    333.74    207.11    206.24    149.17    205.50    101.12     57.78     74.97    217.20    294.92     93.81 
  -999.00   -999.00   -999.00    393.78    299.77    304.01    229.68    162.05    279.50    386.76    754.55    227.71     94.87    172.10    123.87    155.35    297.69    582.71    196.11 
  -999.00   -999.00   -999.00    513.05    814.27   1345.83    191.77    108.71    196.35    192.86    191.30    306.27    462.05    232.07    143.38    228.84    670.03    950.50    369.97 
  -999.00   -999.00   -999.00    506.89    506.89    506.89    853.40    510.95    163.17    278.08    305.17   -999.00    200.84    181.39    181.13    315.76   -999.00    840.82    336.08 
  -999.00   -999.00   -999.00    640.06    640.06   1573.53   1992.37    403.81    403.81   -999.00   -999.00   2264.66   2264.66   1370.85    283.09    283.09   -999.00   -999.00    167.55 
  -999.00   -999.00   -999.00    755.83    513.30    197.30    157.71    221.40    366.73    369.48    709.03    399.56    305.45   -999.00    416.67    416.67   -999.00   -999.00    381.27 

Vertical Wind (m/s)
  -999.00   -999.00   -999.00   -999.00   -999.00   -999.00   -999.00   -999.00   -999.00   -999.00   -999.00   -999.00   -999.00   -999.00   -999.00   -999.00   -999.00   -999.00   -999.00 
  -999.00   -999.00   -999.00   -999.00   -999.00   -999.00   -999.00   -999.00   -999.00   -999.00   -999.00   -999.00   -999.00   -999.00   -999.00   -999.00   -999.00   -999.00   -999.00 
  -999.00   -999.00   -999.00   -999.00   -999.00   -999.00   -999.00   -999.00   -999.00   -999.00   -999.00   -999.00   -999.00   -999.00   -999.00   -999.00   -999.00   -999.00   -999.00 
  -999.00   -999.00   -999.00   -999.00   -999.00   -999.00   -999.00   -999.00   -999.00   -999.00   -999.00   -999.00   -999.00   -999.00   -999.00   -999.00   -999.00   -999.00   -999.00 
  -999.00   -999.00   -999.00   -999.00   -999.00   -999.00   -999.00   -999.00   -999.00   -999.00   -999.00   -999.00   -999.00   -999.00   -999.00   -999.00   -999.00   -999.00   -999.00 
  -999.00   -999.00   -999.00   -999.00   -999.00   -999.00   -999.00   -999.00   -999.00   -999.00   -999.00   -999.00   -999.00   -999.00   -999.00   -999.00   -999.00   -999.00   -999.00 
  -999.00   -999.00   -999.00   -999.00   -999.00   -999.00   -999.00   -999.00   -999.00   -999.00   -999.00   -999.00   -999.00   -999.00   -999.00   -999.00   -999.00   -999.00   -999.00 
  -999.00   -999.00     -4.17     -2.64      0.50     -1.81   -999.00   -999.00   -999.00   -999.00   -999.00   -999.00   -999.00   -999.00   -999.00   -999.00   -999.00   -999.00   -999.00 
  -999.00     -0.74      0.03      1.04      0.65     -0.95   -999.00   -999.00   -999.00   -999.00   -999.00   -999.00   -999.00   -999.00   -999.00   -999.00   -999.00   -999.00   -999.00 
     1.67     -0.08      1.18      2.85      1.99      1.63      2.02   -999.00     -3.62   -999.00   -999.00   -999.00   -999.00   -999.00   -999.00   -999.00   -999.00   -999.00   -999.00 
     0.97      0.14      0.51      1.54      1.71      3.01      4.34      1.61     -2.33     -1.97     -4.05   -999.00   -999.00   -999.00   -999.00   -999.00   -999.00   -999.00   -999.00 
     0.47      1.06      0.10     -1.17      0.10      2.24      1.44     -0.29      0.27      0.88      0.31     -1.44   -999.00   -999.00   -999.00   -999.00   -999.00   -999.00   -999.00 
     1.07      1.17      1.65     -0.39     -0.52      2.54     -1.80     -0.73      1.51      2.02      1.78      0.15      1.55   -999.00   -999.00   -999.00   -999.00   -999.00   -999.00 
     1.72      0.30      2.08      0.61     -0.16      2.47     -0.83     -0.35      0.47      0.55      0.30      0.23      0.29      0.23      1.30   -999.00   -999.00   -999.00   -999.00 
     1.85      0.01      0.70      0.67      1.50      1.49      0.22      1.19      0.09     -0.08     -0.93      1.49      2.42      1.75     -0.27     -4.42   -999.00   -999.00   -999.00 
     0.57      0.56      0.38     -0.12      1.19      1.89      0.88      1.37      0.45     -0.40     -1.79      1.57      3.56      3.06      0.63     -2.98   -999.00   -999.00      0.03 
     0.21      0.79      0.95     -0.21      0.43      2.06      1.25      0.46      1.53      0.81     -2.16     -0.77      2.10      1.53      0.62     -0.91   -999.00   -999.00      2.94 
    -0.12      0.87     -0.04     -0.08     -0.34      1.65      1.38      0.68      2.02      0.84     -0.50      0.40      1.62     -0.66     -1.10     -0.02   -999.00   -999.00      1.47 
    -0.41      0.64     -0.80      0.26     -0.09      1.03      0.10     -0.15      1.06      0.61      0.38      0.06      0.97      0.20     -0.03      1.09   -999.00   -999.00     -1.28 
     0.64      0.67     -0.12     -0.22      0.20      0.41     -2.36     -1.47      0.80      0.11     -1.41     -1.79     -0.12      1.48      0.35      0.85   -999.00   -999.00     -0.39 
     1.52      0.73      0.33     -0.18      0.97      0.40     -1.90     -2.27      0.27     -0.08     -0.70     -0.42      1.09      1.73     -0.30     -1.34   -999.00   -999.00      0.60 
     0.42      0.15      0.56      1.20      1.66     -0.12     -1.86     -2.26     -0.49      0.24      0.82      0.54      2.51      2.02     -1.51     -4.01   -999.00   -999.00      0.70 
    -0.23      0.26     -0.73      1.41      1.67     -0.05     -2.13     -1.40     -0.46      0.02      0.43      0.54      2.47      2.33     -1.48     -1.94   -999.00   -999.00      1.02 
    -0.25      0.25     -0.98      0.40      0.98     -0.28     -1.91     -2.64     -1.46      0.07     -0.64     -0.39      1.56      2.34     -1.96     -1.05   -999.00   -999.00      0.58 
    -0.23      0.45      0.18     -0.43      0.78     -1.17     -3.32     -4.42     -1.29      1.46     -0.61     -0.71      1.02      1.99     -1.53     -1.87   -999.00   -999.00     -0.62 
    -0.02     -0.19      0.25      0.16      1.71     -0.63     -3.18     -4.21     -0.81      0.85     -0.70     -0.76      0.61      1.65     -1.12     -2.10   -999.00   -999.00     -1.98 
     0.59      0.72      0.34      0.65      1.61     -1.04     -2.62     -3.07     -1.46     -0.57     -1.09     -0.39      0.04      0.94     -1.78     -2.07   -999.00   -999.00     -2.62 
    -0.78      0.72      0.29      0.40      0.42     -1.72     -3.09     -2.81     -1.26     -1.40     -1.67     -0.03      0.01      0.80     -0.82     -1.66   -999.00   -999.00     -2.20 
    -1.52     -0.76     -0.98     -0.71      0.47     -1.45     -2.91     -2.15     -0.98     -0.57      0.04      1.05      1.07      1.38     -0.06     -1.32   -999.00   -999.00     -2.46 
    -1.36     -2.09     -1.03     -0.51      0.52     -0.39     -0.97     -2.01     -1.42      0.90      1.37      0.43      1.27      2.89      0.24     -1.09      0.33   -999.00     -1.05 
    -0.72     -1.18      0.62     -0.52      0.53     -1.59     -1.40     -0.92     -0.82      0.53      1.22     -0.67      1.30      3.10      0.69      0.30      2.16      1.05     -2.67 
    -1.39     -1.12      0.96     -0.22      0.65     -0.91     -1.86     -1.92     -1.65      0.10      1.01      0.44      1.50      2.15      0.47      0.81   -999.00     -0.77     -2.46 
    -1.18     -0.88      0.57     -0.23      0.25     -0.05      0.26      1.24      1.10     -0.33      1.72      1.29      1.07      1.68     -0.03     -1.41   -999.00   -999.00     -2.01 
     0.26     -0.28      0.60     -0.46      0.51      1.24      0.82      1.41      1.98      0.07      3.25      3.59      2.40      1.08     -0.30     -0.46   -999.00   -999.00     -3.84 
    -0.68     -0.35      0.46      0.09     -0.69      2.30      1.22     -0.62      0.74      1.19      2.57      2.99      0.49     -0.84     -2.03     -0.65   -999.00   -999.00     -5.15 
    -1.16     -1.32     -1.21     -0.36     -1.09      1.13      0.19     -1.30     -0.81     -1.73      0.64      2.38      0.60      2.04      0.56      0.49   -999.00   -999.00     -4.20 
    -1.24     -1.69     -0.49     -0.66     -1.15     -0.85     -0.42      1.84      1.27      0.20      1.05      1.55      2.14      2.37      1.66   -999.00   -999.00   -999.00   -999.00 
    -2.16     -1.31     -0.62      0.23     -1.73     -0.77     -0.10      3.97      1.30     -0.03      1.48      1.72      0.54      1.03      1.10   -999.00   -999.00   -999.00   -999.00 
    -2.43     -1.68     -1.64     -1.96     -2.90      0.57      0.16      2.36      0.06     -2.56      2.08      1.75      0.50      0.02      0.98      1.85   -999.00   -999.00   -999.00 
     0.04     -0.40     -1.35     -1.12     -1.79      1.31      2.94      2.82      0.49     -1.99      1.55      0.80      0.53     -1.23     -0.09      0.97   -999.00   -999.00   -999.00 
     0.58      0.15     -0.57      0.76     -1.98     -0.73      1.31      1.91      0.76     -1.77     -1.18      0.38      0.39      0.12     -0.06      0.65   -999.00   -999.00   -999.00 
    -2.05     -0.69     -1.91     -1.81     -1.58     -0.70      0.37      0.81     -0.60     -3.38     -2.29     -1.11      1.60      3.43     -1.84     -3.16   -999.00   -999.00   -999.00 
  -999.00      2.02      1.12     -1.24     -2.60     -0.60     -0.70      0.76     -0.53     -3.00      0.64     -1.33     -0.60      2.64     -1.06     -4.58   -999.00   -999.00   -999.00 
  -999.00   -999.00   -999.00   -999.00   -999.00   -999.00      0.86      3.85      0.48     -2.49     -0.61     -1.11     -1.17      0.59      0.80     -3.66   -999.00   -999.00   -999.00 
  -999.00   -999.00   -999.00   -999.00   -999.00   -999.00   -999.00      7.88     -1.16     -6.24     -3.91     -3.58     -1.35     -0.34     -0.62   -999.00   -999.00   -999.00   -999.00 
  -999.00   -999.00   -999.00   -999.00   -999.00   -999.00   -999.00   -999.00     -0.72     -5.30   -999.00     -4.42   -999.00   -999.00   -999.00   -999.00   -999.00   -999.00   -999.00 
  -999.00   -999.00   -999.00   -999.00   -999.00   -999.00   -999.00   -999.00   -999.00   -999.00   -999.00   -999.00   -999.00   -999.00   -999.00   -999.00   -999.00   -999.00   -999.00 
  -999.00   -999.00   -999.00   -999.00   -999.00   -999.00   -999.00   -999.00   -999.00   -999.00   -999.00   -999.00   -999.00   -999.00   -999.00   -999.00   -999.00   -999.00   -999.00 
  -999.00   -999.00   -999.00   -999.00   -999.00   -999.00   -999.00   -999.00   -999.00   -999.00   -999.00   -999.00   -999.00   -999.00   -999.00   -999.00   -999.00   -999.00   -999.00 
  -999.00   -999.00   -999.00   -999.00   -999.00   -999.00   -999.00   -999.00   -999.00   -999.00   -999.00   -999.00   -999.00   -999.00   -999.00   -999.00   -999.00   -999.00   -999.00 
  -999.00   -999.00   -999.00   -999.00   -999.00   -999.00   -999.00   -999.00   -999.00   -999.00   -999.00   -999.00   -999.00   -999.00   -999.00   -999.00   -999.00   -999.00   -999.00 
  -999.00   -999.00   -999.00   -999.00   -999.00   -999.00   -999.00   -999.00   -999.00   -999.00   -999.00   -999.00   -999.00   -999.00   -999.00   -999.00   -999.00   -999.00   -999.00 
  -999.00   -999.00   -999.00   -999.00   -999.00   -999.00   -999.00   -999.00   -999.00   -999.00   -999.00   -999.00   -999.00   -999.00   -999.00   -999.00   -999.00   -999.00   -999.00 
  -999.00   -999.00   -999.00   -999.00   -999.00   -999.00   -999.00   -999.00   -999.00   -999.00   -999.00   -999.00   -999.00   -999.00   -999.00   -999.00   -999.00   -999.00   -999.00 
  -999.00   -999.00   -999.00   -999.00   -999.00   -999.00   -999.00   -999.00   -999.00   -999.00   -999.00   -999.00   -999.00   -999.00   -999.00   -999.00   -999.00   -999.00   -999.00 
  -999.00   -999.00   -999.00   -999.00   -999.00   -999.00   -999.00   -999.00   -999.00   -999.00   -999.00   -999.00   -999.00   -999.00   -999.00   -999.00   -999.00   -999.00   -999.00 
  -999.00   -999.00   -999.00   -999.00   -999.00   -999.00   -999.00   -999.00   -999.00   -999.00   -999.00   -999.00   -999.00   -999.00   -999.00   -999.00   -999.00   -999.00   -999.00 
  -999.00   -999.00   -999.00   -999.00   -999.00   -999.00   -999.00   -999.00   -999.00   -999.00   -999.00   -999.00   -999.00   -999.00   -999.00   -999.00   -999.00   -999.00   -999.00 
  -999.00   -999.00   -999.00   -999.00   -999.00   -999.00   -999.00   -999.00   -999.00   -999.00   -999.00   -999.00   -999.00   -999.00   -999.00   -999.00   -999.00   -999.00   -999.00 
  -999.00   -999.00   -999.00   -999.00   -999.00   -999.00   -999.00   -999.00   -999.00   -999.00   -999.00   -999.00   -999.00   -999.00   -999.00   -999.00   -999.00   -999.00   -999.00 
  -999.00   -999.00   -999.00   -999.00   -999.00   -999.00   -999.00   -999.00   -999.00   -999.00   -999.00   -999.00   -999.00   -999.00   -999.00   -999.00   -999.00   -999.00   -999.00 
  -999.00   -999.00   -999.00   -999.00   -999.00   -999.00   -999.00   -999.00   -999.00   -999.00   -999.00   -999.00   -999.00   -999.00   -999.00   -999.00   -999.00   -999.00   -999.00 
  -999.00   -999.00   -999.00   -999.00   -999.00   -999.00   -999.00   -999.00   -999.00   -999.00   -999.00   -999.00   -999.00   -999.00   -999.00   -999.00   -999.00   -999.00   -999.00 
  -999.00   -999.00   -999.00   -999.00   -999.00   -999.00   -999.00   -999.00   -999.00   -999.00   -999.00   -999.00   -999.00   -999.00   -999.00   -999.00   -999.00   -999.00   -999.00 
  -999.00   -999.00   -999.00   -999.00   -999.00   -999.00   -999.00   -999.00   -999.00   -999.00   -999.00   -999.00   -999.00   -999.00   -999.00   -999.00   -999.00   -999.00   -999.00 
  -999.00   -999.00   -999.00   -999.00   -999.00   -999.00   -999.00   -999.00   -999.00   -999.00   -999.00   -999.00   -999.00   -999.00   -999.00   -999.00   -999.00   -999.00   -999.00 
  -999.00   -999.00   -999.00   -999.00   -999.00   -999.00   -999.00   -999.00   -999.00   -999.00   -999.00   -999.00   -999.00   -999.00   -999.00   -999.00   -999.00   -999.00   -999.00 
  -999.00   -999.00   -999.00   -999.00   -999.00   -999.00   -999.00   -999.00   -999.00   -999.00   -999.00   -999.00   -999.00   -999.00   -999.00   -999.00   -999.00   -999.00   -999.00 
  -999.00   -999.00   -999.00   -999.00   -999.00   -999.00   -999.00   -999.00   -999.00   -999.00   -999.00   -999.00   -999.00   -999.00   -999.00   -999.00   -999.00   -999.00   -999.00 
  -999.00   -999.00   -999.00   -999.00   -999.00   -999.00   -999.00   -999.00   -999.00   -999.00   -999.00   -999.00   -999.00   -999.00   -999.00   -999.00   -999.00   -999.00   -999.00 
  -999.00   -999.00   -999.00   -999.00   -999.00   -999.00   -999.00   -999.00   -999.00   -999.00   -999.00   -999.00   -999.00   -999.00   -999.00   -999.00   -999.00   -999.00   -999.00 

Vertical Wind Error (m/s)
   328.48    223.58    184.84    232.99    117.95    116.09    159.34    191.85    132.98    125.39    274.36    328.26    274.06    317.79    336.21   -999.00    216.64    305.76    488.33 
   180.65    118.60    127.71    176.37    102.61    111.18    116.59    161.37    153.85    117.58    124.38    244.36    272.33    304.98    269.27   -999.00    211.44    225.11    299.15 
   134.51    144.32    123.18    153.45    164.79    105.86     99.36    120.91    218.85    125.44    128.42    248.77    139.72    239.29    215.52    294.64    127.90    107.77    148.49 
   149.25    179.25    183.56    213.03    178.61    116.22    227.46    127.45    262.18    155.51    153.64    168.25    122.23    221.06    320.68    211.13     87.30    108.17    157.15 
   154.42    146.20    210.96    150.80     92.57     86.27    193.01    127.38    175.90    141.58    331.73    487.92    270.27    422.03    393.04    170.17    109.87    141.64    164.18 
    95.58     76.73    104.71     35.63     25.18     25.81     41.95     86.21     99.71    139.89    269.97    413.02    254.70    330.37    251.17    199.81    120.63    129.49    152.28 
    32.93     26.82     14.50      7.03      6.42      6.10     11.35     38.25     73.87     97.75    103.54     90.59     88.63     68.41     81.11    149.71     93.49    177.93    255.00 
    10.26      6.84      4.79      4.15      4.03      4.26      6.91     20.42     36.91     28.65     48.70     32.52     22.48     30.07     45.81     91.99    149.44    274.36    258.00 
     5.21      3.73      3.48      3.35      3.46      3.97      5.72     11.32      9.72      9.55     11.03     10.55     11.54     18.66     46.19    123.48    247.22    287.62    203.51 
     3.76      2.84      3.05      3.11      3.27      3.64      4.55      6.05      4.99      5.11      5.92      6.35      8.95     18.22     50.80    115.06    212.26    174.12    167.55 
     3.02      2.58      2.87      2.97      2.85      3.13      3.68      3.83      3.67      3.97      4.38      5.30      7.66     16.15     38.16     82.22    225.35     92.88    112.20 
     2.76      2.38      2.63      2.70      2.49      2.67      3.08      3.03      3.17      3.60      3.87      4.63      6.32     10.59     21.10     50.36    165.80     59.16     63.19 
     2.55      2.17      2.33      2.38      2.31      2.44      2.71      2.74      3.05      3.51      3.68      4.03      4.92      6.20      9.86     14.79     42.52     27.14     18.07 
     2.39      1.96      2.10      2.14      2.20      2.39      2.57      2.72      3.05      3.47      3.61      3.79      4.19      4.57      4.72      6.22     16.97     18.36      7.06 
     2.21      1.82      1.99      2.06      2.17      2.38      2.57      2.78      3.06      3.39      3.56      3.68      3.74      3.73      3.34      4.36     12.26     11.81      5.46 
     2.14      1.82      1.95      2.06      2.20      2.43      2.62      2.81      3.01      3.20      3.22      3.13      3.01      2.93      2.66      3.64      9.79      9.95      4.71 
     2.18      1.86      1.98      2.08      2.25      2.46      2.56      2.70      2.72      2.74      2.67      2.53      2.43      2.51      2.39      3.34      8.44      9.01      4.28 
     2.20      1.87      2.02      2.11      2.21      2.35      2.36      2.39      2.32      2.32      2.31      2.27      2.25      2.37      2.23      3.06      7.55      8.44      3.97 
     2.23      1.89      2.05      2.13      2.12      2.17      2.13      2.06      2.06      2.11      2.14      2.16      2.17      2.25      2.10      2.81      7.10      7.58      3.71 
     2.27      1.91      2.08      2.08      2.01      2.01      2.00      1.96      1.97      2.02      2.05      2.06      2.05      2.11      1.95      2.67      6.71      6.96      3.57 
     2.33      1.95      2.09      2.02      1.97      1.97      1.99      1.92      1.88      1.95      1.97      1.97      1.92      1.96      1.87      2.62      6.45      6.70      3.40 
     2.33      1.96      2.04      1.91      1.91      1.96      1.96      1.81      1.76      1.83      1.85      1.84      1.80      1.82      1.80      2.48      6.06      6.15      3.20 
     2.28      1.86      1.91      1.79      1.78      1.86      1.86      1.71      1.65      1.70      1.71      1.68      1.65      1.71      1.70      2.38      5.89      5.87      3.08 
     2.13      1.74      1.78      1.72      1.71      1.75      1.72      1.58      1.52      1.55      1.55      1.54      1.54      1.65      1.66      2.32      5.81      5.88      2.99 
     1.99      1.65      1.70      1.65      1.65      1.63      1.57      1.47      1.42      1.45      1.47      1.49      1.50      1.61      1.62      2.24      5.56      5.71      2.89 
     1.90      1.54      1.59      1.53      1.53      1.50      1.46      1.42      1.38      1.40      1.42      1.45      1.45      1.57      1.56      2.21      5.57      5.60      2.82 
     1.78      1.44      1.49      1.44      1.43      1.42      1.41      1.38      1.35      1.37      1.38      1.42      1.43      1.54      1.52      2.19      5.52      5.64      2.81 
     1.74      1.42      1.47      1.41      1.39      1.39      1.39      1.37      1.41      1.42      1.42      1.48      1.54      1.62      1.57      2.12      5.34      5.60      2.78 
     1.74      1.43      1.49      1.44      1.39      1.40      1.41      1.50      1.66      1.64      1.61      1.67      1.74      1.79      1.62      2.05      5.12      5.37      2.71 
     1.73      1.43      1.51      1.47      1.46      1.48      1.59      1.76      1.94      1.94      1.93      1.95      1.94      1.95      1.62      2.01      4.84      5.05      2.65 
     1.74      1.46      1.58      1.57      1.60      1.65      1.81      2.02      2.16      2.18      2.20      2.19      2.12      2.12      1.82      2.15      4.82      4.74      2.55 
     1.81      1.56      1.71      1.73      1.78      1.84      2.03      2.28      2.42      2.38      2.38      2.37      2.31      2.30      2.18      2.61      5.15      4.74      2.39 
     1.92      1.69      1.84      1.85      1.90      1.99      2.26      2.56      2.68      2.61      2.60      2.54      2.51      2.50      2.47      3.19      6.33      5.25      2.42 
     2.01      1.79      1.94      1.97      2.01      2.14      2.45      2.70      2.87      2.91      2.87      2.74      2.69      2.74      2.75      3.74      8.90      7.07      2.77 
     2.11      1.85      1.96      2.03      2.14      2.31      2.59      2.72      2.96      3.13      3.07      2.92      2.87      2.98      3.04      4.27     11.16      9.58      3.63 
     2.23      1.87      1.93      2.04      2.27      2.45      2.70      2.79      3.03      3.15      3.24      3.13      3.08      3.24      3.29      4.83     12.39     11.85      4.90 
     2.28      1.85      1.95      2.12      2.33      2.56      2.73      2.89      3.06      3.10      3.28      3.27      3.27      3.46      3.48      5.16     13.15     12.94      5.80 
     2.27      1.88      2.09      2.23      2.29      2.56      2.71      2.92      3.03      3.03      3.07      3.33      3.46      3.76      3.59      5.01     13.79     13.08      6.05 
     2.32      1.97      2.18      2.23      2.24      2.48      2.64      2.87      3.02      2.92      2.88      3.26      3.57      3.97      3.59      4.58     12.10     12.15      5.68 
     2.46      2.05      2.22      2.21      2.28      2.44      2.59      2.79      2.99      2.83      2.80      3.25      3.62      4.03      3.59      4.34     10.40     10.83      5.24 
     2.71      2.19      2.30      2.32      2.43      2.64      2.62      2.71      2.81      2.73      2.81      3.36      3.60      3.90      3.47      4.29     10.34     10.65      5.13 
     3.55      2.77      2.67      2.70      2.92      3.23      2.90      2.73      2.66      2.67      2.85      3.41      3.54      3.56      3.21      4.31     10.75     11.26      5.32 
     5.87      4.16      3.52      3.58      3.98      4.34      3.59      2.95      2.71      2.76      2.99      3.35      3.43      3.32      3.11      4.39     10.99     11.34      6.03 
    10.51      6.61      5.14      5.36      5.62      5.73      4.80      3.58      2.94      3.04      3.30      3.33      3.40      3.40      3.32      4.79     12.80     13.14      8.17 
    14.59      9.46      7.58      7.35      7.39      8.19      6.67      4.82      3.40      3.52      3.98      3.68      3.81      3.83      4.06      5.63     16.71     17.59     11.20 
    17.58     12.30     10.32      9.17      8.60     10.30      9.45      6.87      4.21      4.36      5.44      4.92      5.37      5.35      5.80      7.54     20.64     25.97     15.47 
    19.49     13.44     11.90      9.57      8.14      9.73     10.71      9.48      5.84      6.13      8.48      8.57      8.61      8.16      8.51     11.42     32.31     47.57     20.40 
    17.96     12.42     11.21      8.59      7.11      7.87      9.74     12.62      9.84      9.61     12.06     12.80     12.20     11.31     11.84     18.00     54.22     53.99     23.74 
    13.51      9.86     10.33      7.63      6.80      7.02      8.23     15.88     16.21     14.91     16.58     16.29     18.25     13.44     15.33     24.24    107.95     58.08     26.36 
    10.51      8.11      9.12      7.52      6.73      7.04      7.12     14.69     16.87     15.25     15.76     15.97     17.05     14.70     16.58     24.53     98.13     75.42     27.27 
    10.12      7.66      8.57      7.86      7.10      7.46      7.03     10.99     13.61     12.15     11.70     13.01     14.33     15.73     15.80     22.49     64.82     74.24     32.29 
    10.17      7.76      8.51      8.59      7.73      8.02      7.26      8.55     11.72     10.48      9.18     10.60     12.58     14.78     15.41     23.55     61.85     60.25     27.78 
    10.27      8.07      9.02      9.28      8.54      9.04      7.90      7.23      9.95      8.77      7.61      8.70      9.99     12.53     13.87     23.42     55.86     49.31     19.67 
    10.79      8.51      9.62     10.53     10.65     10.73      8.99      6.80      7.75      7.13      6.70      7.50      8.59     11.26     11.58     30.66     60.58     59.53     20.93 
    11.84      9.74     10.56     12.77     12.85     12.94     10.45      7.23      6.55      6.92      6.53      6.96      7.41      9.48      9.63     29.97     82.26     49.20     19.80 
    13.34     11.75     12.68     14.66     15.61     14.71     12.47      8.42      6.64      7.48      7.48      6.85      6.74      7.85      8.13     17.87     72.19     43.06     17.94 
    15.59     13.75     16.75     20.60     20.17     16.82     14.79     10.38      8.37      8.25      8.35      7.10      6.69      7.43      7.07     12.12     41.94     47.98     17.63 
    19.62     17.10     24.30     33.18     28.87     31.00     18.41     12.12     10.58     10.04      9.23      7.42      7.08      7.47      6.63     11.82     40.95     57.42     18.47 
    32.08     24.65     28.62     35.96     36.11     37.33     23.55     15.43     13.22     11.34     10.77      8.23      7.49      7.76      6.90     16.00     49.71     47.91     22.48 
    48.57     57.85     47.30     95.48     45.01     35.19     32.60     19.86     17.56     13.07     12.20      9.18      7.88      8.27      7.52     14.87     44.96     39.88     26.33 
    69.32     72.28     85.50    156.60     65.16     56.07     49.94     27.60     23.70     17.83     14.66     11.77      8.99      9.30      9.14     12.24     42.67     39.13     27.62 
   108.23     77.93     93.47    154.15     98.61     61.32     51.58     30.08     36.80     23.56     22.43     15.93     10.80     10.52     11.51     15.61     57.81     43.39     30.33 
   137.94    129.33    138.56    145.80    110.34     59.21     54.56     70.32     47.37     38.81     36.71     24.57     16.31     12.09     13.73     18.36     55.56     51.76     30.91 
   179.05    139.31    148.63    154.65    115.71     79.17     84.21     88.13     60.80     46.76     42.33     35.84     23.92     15.35     18.83     24.30     63.19     65.78     30.74 
   178.34    157.19    147.56    161.91    107.78     86.58    115.68     85.56     98.27     68.33     51.53     45.59     34.28     18.84     29.59     37.06     84.75    105.99     38.19 
   160.11    190.22    232.60    160.97     98.47    103.77    121.32    113.41    116.44     75.13     78.28     72.42     55.29     29.39     33.79     56.23    130.80    124.59     44.03 
  -999.00    271.34    306.17    178.19    164.17    138.94    130.28    113.70    121.17    110.65    141.19     96.15     80.90     62.66     66.07     81.66    149.53    212.52     88.60 
  -999.00    266.30    266.30    187.08    179.00    184.60    161.83    104.84    110.45    112.40    124.78    122.25    135.87     87.62     85.38     88.63    161.65    295.94    181.74 
   646.01    646.01    574.86    498.28    247.49    228.50    242.95    184.28    118.62    131.66    136.52    193.60    153.49    133.39    149.09    340.75    251.79    271.55    156.65 
  -999.00    600.08    551.60    530.15    281.50    315.53    258.84    191.47    159.99    162.16    209.35    310.56    282.30    299.25    197.02    308.02    226.44    202.09    123.01 
  -999.00   -999.00    472.84    394.58    226.54    224.05    190.34    169.54    211.69    169.48    368.26    233.55    226.04    483.49    216.32    204.06    477.16    477.16    156.35 
