ALO Lidar Data on 20190701

UT (hour) for each column
  23.4000   23.5000   23.6000   23.7000 
Altitudes (km) for each row
   80.000    80.500    81.000    81.500    82.000    82.500    83.000    83.500    84.000    84.500    85.000    85.500    86.000    86.500    87.000    87.500    88.000    88.500    89.000    89.500    90.000    90.500    91.000    91.500    92.000    92.500    93.000    93.500    94.000    94.500    95.000    95.500    96.000    96.500    97.000    97.500    98.000    98.500    99.000    99.500   100.000   100.500   101.000   101.500   102.000   102.500   103.000   103.500   104.000   104.500   105.000   105.500   106.000   106.500   107.000   107.500   108.000   108.500   109.000   109.500   110.000   110.500   111.000   111.500   112.000   112.500   113.000   113.500   114.000   114.500   115.000 

Na Density (cm^(-3))
  5.8630e+02   6.2727e+02   6.3128e+02   4.9657e+02 
  9.5258e+02   9.4855e+02   8.8529e+02   7.4608e+02 
  2.0469e+03   1.6508e+03   1.2666e+03   9.2541e+02 
  3.9034e+03   3.2371e+03   2.4489e+03   1.4575e+03 
  5.1021e+03   4.6605e+03   4.0250e+03   2.9095e+03 
  5.2917e+03   5.1389e+03   4.8394e+03   4.2122e+03 
  5.1107e+03   5.0843e+03   4.9081e+03   4.5379e+03 
  4.9383e+03   4.8808e+03   4.7405e+03   4.3713e+03 
  4.8940e+03   4.6825e+03   4.5517e+03   4.2248e+03 
  4.9880e+03   4.6096e+03   4.4525e+03   4.1319e+03 
  5.0418e+03   4.7021e+03   4.4927e+03   4.0849e+03 
  4.9877e+03   4.7995e+03   4.5414e+03   4.1690e+03 
  4.8918e+03   4.7488e+03   4.5345e+03   4.2947e+03 
  4.8197e+03   4.6861e+03   4.4875e+03   4.3509e+03 
  4.7431e+03   4.6283e+03   4.4079e+03   4.3130e+03 
  4.6423e+03   4.5161e+03   4.3365e+03   4.2103e+03 
  4.5736e+03   4.4776e+03   4.3284e+03   4.1512e+03 
  4.5152e+03   4.4235e+03   4.3047e+03   4.1366e+03 
  4.6255e+03   4.3898e+03   4.1539e+03   4.0497e+03 
  4.8485e+03   4.4328e+03   4.0658e+03   4.0071e+03 
  5.4144e+03   4.6861e+03   4.2748e+03   4.2240e+03 
  6.3721e+03   5.2510e+03   4.7918e+03   4.7203e+03 
  7.1593e+03   6.2527e+03   5.6347e+03   5.3063e+03 
  7.2542e+03   6.9721e+03   6.3591e+03   5.8422e+03 
  6.8156e+03   6.7636e+03   6.3923e+03   6.0784e+03 
  6.3963e+03   6.2893e+03   6.0146e+03   5.8611e+03 
  6.0425e+03   5.9719e+03   5.7268e+03   5.5622e+03 
  5.7475e+03   5.6170e+03   5.4371e+03   5.3439e+03 
  5.5343e+03   5.3252e+03   5.1172e+03   5.0022e+03 
  5.3922e+03   5.2181e+03   4.8466e+03   4.5803e+03 
  5.1931e+03   5.0281e+03   4.5947e+03   4.2824e+03 
  4.8194e+03   4.6896e+03   4.3513e+03   4.1294e+03 
  4.3476e+03   4.2618e+03   4.0584e+03   3.9189e+03 
  3.7754e+03   3.6280e+03   3.5672e+03   3.4969e+03 
  3.1251e+03   2.9732e+03   2.9746e+03   2.9317e+03 
  2.6525e+03   2.5513e+03   2.5251e+03   2.4414e+03 
  2.3590e+03   2.2423e+03   2.1632e+03   2.0393e+03 
  2.1350e+03   1.9616e+03   1.8088e+03   1.6771e+03 
  1.9011e+03   1.6950e+03   1.5434e+03   1.4151e+03 
  1.5435e+03   1.3619e+03   1.3060e+03   1.1648e+03 
  1.0839e+03   9.6659e+02   9.8042e+02   9.0047e+02 
  7.6346e+02   7.2737e+02   7.3628e+02   7.4236e+02 
  6.4833e+02   6.5672e+02   6.3584e+02   6.6402e+02 
  5.9873e+02   5.8189e+02   5.6631e+02   5.7939e+02 
  5.3648e+02   4.9030e+02   4.8018e+02   4.9849e+02 
  4.4229e+02   4.0137e+02   3.9694e+02   4.2127e+02 
  3.4718e+02   3.3426e+02   3.3036e+02   3.3573e+02 
  2.8808e+02   2.8132e+02   2.7440e+02   2.7316e+02 
  2.4008e+02   2.3355e+02   2.3279e+02   2.2545e+02 
  2.0783e+02   2.0545e+02   1.8995e+02   1.7527e+02 
  1.8542e+02   1.8289e+02   1.5522e+02   1.4332e+02 
  1.5835e+02   1.5626e+02   1.3643e+02   1.2093e+02 
  1.3716e+02   1.3162e+02   1.1258e+02   9.6421e+01 
  1.1452e+02   1.0278e+02   8.3041e+01   7.1931e+01 
  8.3319e+01   7.7561e+01   6.0005e+01   4.7076e+01 
  5.2433e+01   5.1057e+01   3.8611e+01   2.7239e+01 
  2.9125e+01   2.6676e+01   1.9616e+01   1.5316e+01 
  1.9657e+01   2.0259e+01   1.3348e+01   1.1481e+01 
  1.4546e+01   1.2968e+01   9.9307e+00   9.4767e+00 
  1.0879e+01   8.3466e+00   7.0153e+00   7.2580e+00 
  6.5668e+00   6.5668e+00   6.7436e+00   6.7436e+00 
 -9.9900e+02  -9.9900e+02   7.0727e+00   7.0727e+00 
 -9.9900e+02  -9.9900e+02   9.7284e+00   1.0247e+01 
  5.6171e+00   5.6171e+00   9.8071e+00   1.0059e+01 
  7.4634e+00   7.4634e+00  -9.9900e+02  -9.9900e+02 
  7.9527e+00   7.9527e+00  -9.9900e+02  -9.9900e+02 
 -9.9900e+02  -9.9900e+02   6.4361e+00   6.4361e+00 
 -9.9900e+02  -9.9900e+02   5.2368e+00   5.2368e+00 
 -9.9900e+02  -9.9900e+02   8.0942e+00   7.1218e+00 
 -9.9900e+02  -9.9900e+02   8.8683e+00   8.8683e+00 
 -9.9900e+02  -9.9900e+02   5.3424e+00   5.3424e+00 

Na Density Error (cm^(-3))
  9.9622e+00   1.0709e+01   9.9476e+00   7.8278e+00 
  1.2997e+01   1.3370e+01   1.1726e+01   9.7466e+00 
  1.9238e+01   1.7713e+01   1.4178e+01   1.0935e+01 
  2.7465e+01   2.5261e+01   1.9955e+01   1.3765e+01 
  3.1773e+01   3.1095e+01   2.6159e+01   1.9728e+01 
  3.2435e+01   3.2990e+01   2.8730e+01   2.4395e+01 
  3.2050e+01   3.2912e+01   2.8929e+01   2.5636e+01 
  3.1705e+01   3.2339e+01   2.8615e+01   2.5301e+01 
  3.1729e+01   3.1796e+01   2.8180e+01   2.5032e+01 
  3.2324e+01   3.1674e+01   2.8009e+01   2.4950e+01 
  3.2690e+01   3.2263e+01   2.8363e+01   2.4796e+01 
  3.2595e+01   3.2842e+01   2.8755e+01   2.5042e+01 
  3.2354e+01   3.2830e+01   2.8739e+01   2.5591e+01 
  3.2309e+01   3.2858e+01   2.8589e+01   2.5896e+01 
  3.2258e+01   3.2810e+01   2.8461e+01   2.5917e+01 
  3.2034e+01   3.2460e+01   2.8352e+01   2.5764e+01 
  3.1931e+01   3.2400e+01   2.8504e+01   2.5708e+01 
  3.1953e+01   3.2361e+01   2.8627e+01   2.5801e+01 
  3.2639e+01   3.2694e+01   2.8213e+01   2.5625e+01 
  3.3774e+01   3.3175e+01   2.8080e+01   2.5435e+01 
  3.6272e+01   3.4177e+01   2.9188e+01   2.6243e+01 
  4.0015e+01   3.6333e+01   3.1421e+01   2.7993e+01 
  4.2547e+01   4.0218e+01   3.4368e+01   2.9941e+01 
  4.2726e+01   4.3093e+01   3.6723e+01   3.1816e+01 
  4.1647e+01   4.2709e+01   3.6952e+01   3.2982e+01 
  4.0763e+01   4.1532e+01   3.6075e+01   3.2689e+01 
  3.9955e+01   4.0838e+01   3.5601e+01   3.2138e+01 
  3.9297e+01   3.9980e+01   3.4943e+01   3.1904e+01 
  3.8744e+01   3.9238e+01   3.4047e+01   3.1096e+01 
  3.8490e+01   3.9057e+01   3.3357e+01   2.9829e+01 
  3.7940e+01   3.8593e+01   3.2675e+01   2.8806e+01 
  3.6558e+01   3.7256e+01   3.1771e+01   2.8354e+01 
  3.4830e+01   3.5560e+01   3.0683e+01   2.7749e+01 
  3.2682e+01   3.2736e+01   2.8786e+01   2.6408e+01 
  2.9824e+01   2.9684e+01   2.6389e+01   2.4268e+01 
  2.7621e+01   2.7766e+01   2.4499e+01   2.2117e+01 
  2.6247e+01   2.6183e+01   2.2769e+01   2.0257e+01 
  2.5200e+01   2.4679e+01   2.1020e+01   1.8494e+01 
  2.3948e+01   2.3119e+01   1.9619e+01   1.7312e+01 
  2.1799e+01   2.0699e+01   1.8423e+01   1.5816e+01 
  1.8451e+01   1.7344e+01   1.6034e+01   1.3957e+01 
  1.5483e+01   1.5290e+01   1.3769e+01   1.2769e+01 
  1.4166e+01   1.4810e+01   1.2750e+01   1.2045e+01 
  1.3622e+01   1.3903e+01   1.2151e+01   1.1154e+01 
  1.3039e+01   1.2714e+01   1.1207e+01   1.0262e+01 
  1.1932e+01   1.1487e+01   1.0099e+01   9.4979e+00 
  1.0587e+01   1.0719e+01   9.2946e+00   8.5696e+00 
  9.6348e+00   9.8549e+00   8.5789e+00   7.6967e+00 
  8.9654e+00   8.8584e+00   7.9245e+00   6.9598e+00 
  8.3011e+00   8.3238e+00   7.0247e+00   6.2486e+00 
  7.6942e+00   8.1110e+00   6.5097e+00   5.6408e+00 
  7.3025e+00   7.6806e+00   6.2072e+00   5.1980e+00 
  6.9230e+00   6.9816e+00   5.6013e+00   4.7314e+00 
  6.3532e+00   6.1426e+00   4.8028e+00   4.2729e+00 
  5.2114e+00   5.3175e+00   4.1982e+00   3.5301e+00 
  4.2000e+00   4.4843e+00   3.4029e+00   2.6100e+00 
  3.2226e+00   3.3014e+00   2.2876e+00   2.0406e+00 
  2.7202e+00   3.0411e+00   2.3677e+00   1.9474e+00 
  2.3519e+00   2.4459e+00   2.1214e+00   1.6916e+00 
  2.3105e+00   2.2521e+00   1.6975e+00   1.5213e+00 
  2.2635e+00   2.2635e+00   2.2091e+00   2.2091e+00 
 -9.9900e+02  -9.9900e+02   2.2139e+00   2.2139e+00 
 -9.9900e+02  -9.9900e+02   2.7508e+00   2.1116e+00 
  1.9057e+00   1.9057e+00   2.5924e+00   2.1013e+00 
  2.6422e+00   2.6422e+00  -9.9900e+02  -9.9900e+02 
  2.7062e+00   2.7062e+00  -9.9900e+02  -9.9900e+02 
 -9.9900e+02  -9.9900e+02   2.3247e+00   2.3247e+00 
 -9.9900e+02  -9.9900e+02   1.7657e+00   1.7657e+00 
 -9.9900e+02  -9.9900e+02   2.2994e+00   1.6704e+00 
 -9.9900e+02  -9.9900e+02   2.3815e+00   2.3815e+00 
 -9.9900e+02  -9.9900e+02   1.7827e+00   1.7827e+00 

Temperature (K)
   179.70    183.64    180.11    178.04 
   179.60    178.21    179.33    177.43 
   185.97    181.94    180.69    179.47 
   193.59    189.40    185.75    181.19 
   195.97    194.96    190.92    184.54 
   194.43    195.07    192.71    187.85 
   193.24    190.39    190.49    189.17 
   191.15    187.71    188.44    187.25 
   187.10    185.78    187.00    183.86 
   185.54    183.93    184.92    184.18 
   184.22    183.29    182.01    181.09 
   181.51    180.80    180.82    178.66 
   177.58    177.27    177.70    177.01 
   176.13    175.27    174.29    173.88 
   174.96    172.31    172.60    171.98 
   171.57    168.99    169.69    170.54 
   169.03    166.21    167.56    168.08 
   168.26    164.96    166.94    165.34 
   168.26    166.93    165.52    163.51 
   168.31    167.50    163.05    162.01 
   170.33    167.78    164.19    164.73 
   172.83    169.82    168.07    167.29 
   171.46    169.78    167.40    166.46 
   168.71    167.38    165.58    164.93 
   168.01    165.48    165.70    164.77 
   168.47    165.77    165.70    164.47 
   168.68    166.31    166.71    165.20 
   168.11    167.44    167.68    167.09 
   165.20    166.55    165.86    166.23 
   164.24    163.26    163.62    163.61 
   162.22    161.75    161.17    159.12 
   157.55    156.91    156.81    155.15 
   154.99    154.03    153.27    152.52 
   153.51    151.51    150.85    151.49 
   150.68    149.75    149.08    149.74 
   150.00    150.07    147.31    146.17 
   150.01    149.07    144.99    144.98 
   150.49    149.46    146.93    146.59 
   150.35    151.35    150.09    153.30 
   152.93    155.00    154.95    155.82 
   156.86    154.31    154.88    157.60 
   154.04    150.37    151.24    155.87 
   150.00    149.73    149.03    149.76 
   145.39    149.35    147.37    145.56 
   145.92    147.98    144.54    139.75 
   146.82    144.00    139.42    140.15 
   148.49    149.98    141.19    143.62 
   144.44    148.25    142.17    137.77 
   151.72    142.69    136.98    133.72 
   146.08    134.60    131.72    142.22 
   136.45    143.94    142.38    135.89 
   150.43    155.93    142.55    133.78 
   154.23    147.77    137.05    138.43 
   151.64    143.05    140.24    161.17 
   134.31    137.96    152.06    166.82 
  -999.00   -999.00    153.30    147.38 
  -999.00   -999.00   -999.00   -999.00 
  -999.00   -999.00   -999.00   -999.00 
  -999.00   -999.00   -999.00   -999.00 
  -999.00   -999.00   -999.00   -999.00 
  -999.00   -999.00   -999.00   -999.00 
  -999.00   -999.00   -999.00   -999.00 
  -999.00   -999.00   -999.00   -999.00 
  -999.00   -999.00   -999.00   -999.00 
  -999.00   -999.00   -999.00   -999.00 
  -999.00   -999.00   -999.00   -999.00 
  -999.00   -999.00   -999.00   -999.00 
  -999.00   -999.00   -999.00   -999.00 
  -999.00   -999.00   -999.00   -999.00 
  -999.00   -999.00   -999.00   -999.00 
  -999.00   -999.00   -999.00   -999.00 

Temperature Error (K)
     8.39      8.79      7.11      7.49 
     6.36      6.37      5.98      6.03 
     4.90      5.20      5.17      5.54 
     3.67      4.04      4.09      4.73 
     3.25      3.46      3.24      3.48 
     3.17      3.33      3.00      2.88 
     3.24      3.20      2.94      2.81 
     3.25      3.19      2.97      2.83 
     3.16      3.23      3.02      2.80 
     3.08      3.24      2.98      2.87 
     3.04      3.21      2.90      2.83 
     3.01      3.11      2.88      2.74 
     2.93      3.04      2.81      2.67 
     2.93      3.01      2.74      2.59 
     2.95      2.92      2.74      2.57 
     2.90      2.89      2.68      2.58 
     2.86      2.83      2.65      2.55 
     2.88      2.82      2.66      2.50 
     2.85      2.95      2.69      2.47 
     2.79      2.99      2.67      2.46 
     2.73      2.94      2.64      2.49 
     2.59      2.86      2.63      2.46 
     2.43      2.66      2.42      2.33 
     2.38      2.43      2.24      2.18 
     2.46      2.41      2.29      2.13 
     2.58      2.53      2.38      2.16 
     2.68      2.63      2.48      2.26 
     2.73      2.79      2.58      2.37 
     2.69      2.87      2.60      2.47 
     2.74      2.80      2.63      2.52 
     2.74      2.81      2.66      2.49 
     2.72      2.77      2.62      2.44 
     2.81      2.84      2.61      2.43 
     2.97      3.04      2.72      2.57 
     3.18      3.32      2.92      2.78 
     3.43      3.61      3.13      2.93 
     3.65      3.87      3.29      3.17 
     3.88      4.15      3.72      3.64 
     4.13      4.64      4.19      4.31 
     4.78      5.48      4.88      4.93 
     6.15      6.60      5.65      5.86 
     7.09      7.08      6.31      6.30 
     7.27      7.29      6.73      6.22 
     7.21      8.09      7.04      6.40 
     7.73      8.70      7.50      6.50 
     8.70      9.36      7.74      7.27 
    10.06     11.22      8.56      8.87 
    10.67     11.92      9.85      9.03 
    13.33     12.37     10.19      9.50 
    13.41     13.23     18.94     12.89 
    12.65     15.70     21.33     12.88 
    16.10     18.42     15.50     13.45 
    18.78     18.31     15.97     16.67 
    20.56     20.70     19.72     27.71 
    30.17     24.62     29.25     36.94 
    66.06     51.26     42.57     46.94 
    56.20     96.22    119.29    252.07 
    85.15    103.07    214.59    349.60 
  -999.00   -999.00   -999.00   -999.00 
  -999.00   -999.00   -999.00   -999.00 
  -999.00   -999.00   -999.00   -999.00 
  -999.00   -999.00   -999.00   -999.00 
  -999.00   -999.00    251.49    251.49 
  -999.00   -999.00   -999.00   -999.00 
  -999.00   -999.00   -999.00   -999.00 
  -999.00   -999.00   -999.00   -999.00 
  -999.00   -999.00   -999.00   -999.00 
  -999.00   -999.00   -999.00   -999.00 
  -999.00   -999.00   -999.00   -999.00 
  -999.00   -999.00    264.22    264.22 
  -999.00   -999.00   -999.00   -999.00 

Vertical Wind (m/s)
  -999.00   -999.00   -999.00   -999.00 
    -6.94   -999.00     -8.67     -4.51 
    -9.85     -3.34     -6.31     -4.29 
    -9.93     -5.98     -5.93     -5.21 
    -9.77     -9.22     -7.27     -6.51 
    -8.17     -8.31     -8.18     -7.08 
    -6.85     -6.12     -7.94     -8.87 
    -4.74     -4.98     -6.49     -7.52 
    -1.28     -3.75     -5.21     -6.64 
    -2.24     -3.30     -4.92     -8.39 
    -2.89     -4.18     -4.15     -7.11 
    -2.36     -2.46     -3.48     -7.68 
    -2.88     -1.72     -2.93     -7.22 
    -3.32     -3.75     -2.48     -5.11 
    -2.70     -4.09     -2.27     -4.14 
    -0.93     -1.26     -0.47     -3.83 
     0.53      1.14      1.11     -2.25 
     1.01      2.06      1.03     -1.47 
     0.96      1.74      1.16     -3.43 
    -0.09      0.27      2.06     -3.48 
    -0.83     -0.51      0.71     -4.51 
    -3.38     -0.86      0.26     -4.08 
    -2.53     -0.40     -0.50     -4.27 
    -1.06     -0.62     -0.44     -3.78 
    -1.11     -0.92      0.62     -3.53 
     0.34     -0.72     -0.89     -5.57 
     0.80     -0.64     -2.11     -6.41 
    -0.85     -1.62     -2.27     -6.31 
    -1.91     -2.48     -1.20     -4.76 
    -0.34     -0.71      1.16     -3.93 
    -0.24     -0.07      2.83     -2.53 
     0.48      1.27      3.06     -0.74 
     3.46      2.30      3.76      0.62 
     3.65      3.83      5.06      1.89 
     3.65      2.76      5.17      2.32 
     2.34      1.11      5.70      2.84 
     1.97      3.52      5.51      1.17 
     1.95      3.65      5.25      3.45 
     3.66      5.41      7.30      1.40 
     3.69      4.56      5.30     -0.14 
  -999.00   -999.00   -999.00   -999.00 
  -999.00   -999.00   -999.00   -999.00 
  -999.00   -999.00   -999.00   -999.00 
  -999.00   -999.00   -999.00   -999.00 
  -999.00   -999.00   -999.00   -999.00 
  -999.00   -999.00   -999.00   -999.00 
  -999.00   -999.00   -999.00   -999.00 
  -999.00   -999.00   -999.00   -999.00 
  -999.00   -999.00   -999.00   -999.00 
  -999.00   -999.00   -999.00   -999.00 
  -999.00   -999.00   -999.00   -999.00 
  -999.00   -999.00   -999.00   -999.00 
  -999.00   -999.00   -999.00   -999.00 
  -999.00   -999.00   -999.00   -999.00 
  -999.00   -999.00   -999.00   -999.00 
  -999.00   -999.00   -999.00   -999.00 
  -999.00   -999.00   -999.00   -999.00 
  -999.00   -999.00   -999.00   -999.00 
  -999.00   -999.00   -999.00   -999.00 
  -999.00   -999.00   -999.00   -999.00 
  -999.00   -999.00   -999.00   -999.00 
  -999.00   -999.00   -999.00   -999.00 
  -999.00   -999.00   -999.00   -999.00 
  -999.00   -999.00   -999.00   -999.00 
  -999.00   -999.00   -999.00   -999.00 
  -999.00   -999.00   -999.00   -999.00 
  -999.00   -999.00   -999.00   -999.00 
  -999.00   -999.00   -999.00   -999.00 
  -999.00   -999.00   -999.00   -999.00 
  -999.00   -999.00   -999.00   -999.00 
  -999.00   -999.00   -999.00   -999.00 

Vertical Wind Error (m/s)
     6.57      6.57      5.56      6.02 
     4.97      5.02      4.70      4.84 
     3.68      3.99      4.01      4.38 
     2.61      2.95      3.08      3.69 
     2.27      2.43      2.34      2.65 
     2.24      2.33      2.15      2.13 
     2.30      2.31      2.13      2.07 
     2.34      2.35      2.17      2.11 
     2.33      2.40      2.23      2.13 
     2.30      2.43      2.24      2.17 
     2.29      2.42      2.22      2.18 
     2.30      2.38      2.22      2.16 
     2.30      2.38      2.21      2.13 
     2.33      2.39      2.21      2.10 
     2.35      2.38      2.24      2.11 
     2.37      2.41      2.24      2.14 
     2.38      2.41      2.24      2.15 
     2.41      2.43      2.26      2.15 
     2.38      2.48      2.31      2.16 
     2.34      2.49      2.33      2.19 
     2.24      2.45      2.28      2.18 
     2.09      2.36      2.20      2.11 
     1.98      2.18      2.04      2.00 
     1.97      2.03      1.91      1.89 
     2.05      2.05      1.94      1.84 
     2.14      2.15      2.01      1.88 
     2.22      2.22      2.08      1.95 
     2.27      2.32      2.16      2.02 
     2.30      2.40      2.22      2.10 
     2.34      2.40      2.28      2.19 
     2.38      2.44      2.34      2.24 
     2.45      2.50      2.38      2.26 
     2.58      2.62      2.45      2.31 
     2.76      2.86      2.60      2.45 
     3.02      3.16      2.85      2.68 
     3.28      3.43      3.09      2.92 
     3.50      3.68      3.32      3.21 
     3.70      3.95      3.69      3.61 
     3.94      4.33      4.06      4.04 
     4.47      5.00      4.52      4.55 
     5.54      6.08      5.29      5.30 
     6.56      6.77      6.09      5.80 
     7.03      7.03      6.59      6.03 
     7.25      7.72      6.96      6.47 
     7.71      8.45      7.58      6.93 
     8.62      9.36      8.33      7.66 
     9.94     10.58      9.21      8.93 
    10.89     11.59     10.32      9.76 
    12.55     12.73     11.13     10.80 
    13.35     13.87     16.56     13.20 
    13.98     15.21     18.32     14.41 
    16.00     16.88     16.22     15.82 
    17.86     18.20     17.81     18.69 
    19.88     21.59     23.19     24.71 
    29.52     26.74     30.19     35.50 
    39.44     40.15     44.45     52.10 
    64.02    113.65    102.75    115.88 
    84.06    114.75    142.92    151.51 
  -999.00    263.83    289.94    291.03 
  -999.00    238.96    666.33    504.01 
  -999.00   -999.00   -999.00   -999.00 
  -999.00   -999.00   -999.00   -999.00 
  -999.00   -999.00    177.10    177.10 
  -999.00   -999.00   -999.00   -999.00 
  -999.00   -999.00   -999.00   -999.00 
  -999.00   -999.00   -999.00   -999.00 
  -999.00   -999.00   -999.00   -999.00 
  -999.00   -999.00   -999.00   -999.00 
  -999.00   -999.00   -999.00   -999.00 
  -999.00   -999.00    234.20    234.20 
  -999.00   -999.00   -999.00   -999.00 
