ALO Lidar Data on 20190125

UT (hour) for each column
   4.1000    4.2000    4.3000    4.4000    4.5000    4.6000    4.7000    4.8000    4.9000    5.0000    5.1000    5.2000    5.3000    5.4000    5.5000    5.6000    5.7000    5.8000    5.9000    6.0000    6.1000    6.2000    6.3000    6.4000    6.5000    6.6000    6.7000    6.8000    6.9000    7.0000    7.1000    7.2000    7.3000    7.4000    7.5000    7.6000    7.7000    7.8000    7.9000    8.0000    8.1000    8.2000    8.3000    8.4000    8.5000    8.6000    8.7000    8.8000    8.9000    9.0000    9.1000 
Altitudes (km) for each row
   80.000    80.500    81.000    81.500    82.000    82.500    83.000    83.500    84.000    84.500    85.000    85.500    86.000    86.500    87.000    87.500    88.000    88.500    89.000    89.500    90.000    90.500    91.000    91.500    92.000    92.500    93.000    93.500    94.000    94.500    95.000    95.500    96.000    96.500    97.000    97.500    98.000    98.500    99.000    99.500   100.000   100.500   101.000   101.500   102.000   102.500   103.000   103.500   104.000   104.500   105.000   105.500   106.000   106.500   107.000   107.500   108.000   108.500   109.000   109.500   110.000   110.500   111.000   111.500   112.000   112.500   113.000   113.500   114.000   114.500   115.000 

Na Density (cm^(-3))
  1.5341e+00   1.7006e+00   1.2442e+00   1.6808e+00   1.8048e+00   2.2163e+00   2.2096e+00   2.3494e+00   2.1808e+00   1.9546e+00   2.2116e+00   2.6597e+00   2.3060e+00   2.5911e+00   2.4837e+00   2.3776e+00   2.9168e+00   2.4626e+00   2.1174e+00   2.7406e+00   2.6958e+00   1.9542e+00   1.6706e+00   1.7643e+00   1.8229e+00   1.7164e+00   1.5732e+00   1.3750e+00   1.7598e+00   2.0585e+00   1.9305e+00   2.0744e+00  -9.9900e+02  -9.9900e+02   2.8102e+00   2.4452e+00   2.1512e+00   1.8452e+00   1.4443e+00   2.2837e+00   2.6412e+00   1.7758e+00  -9.9900e+02   1.4542e+00   1.7638e+00   1.9805e+00  -9.9900e+02   4.6154e+00   5.2994e+00   5.2420e+00   3.9308e+00 
  1.4766e+00   1.6293e+00   1.1917e+00   1.5769e+00   1.6291e+00   2.0292e+00   2.0790e+00   2.2676e+00   2.1196e+00   1.8414e+00   2.0825e+00   2.5133e+00   2.1944e+00   2.4037e+00   2.3182e+00   2.2435e+00   2.7650e+00   2.3295e+00   1.9937e+00   2.5541e+00   2.4762e+00   1.8425e+00   1.5976e+00   1.6446e+00   1.7207e+00   1.6319e+00   1.4685e+00   1.2946e+00   1.6829e+00   1.9507e+00   1.8278e+00   2.0221e+00  -9.9900e+02  -9.9900e+02   2.6487e+00   2.3366e+00   2.0479e+00   1.7872e+00   1.4166e+00   2.2362e+00   2.6307e+00   1.7331e+00  -9.9900e+02   1.5385e+00   1.7613e+00   1.9172e+00  -9.9900e+02   4.2888e+00   4.9992e+00   4.9709e+00   3.7324e+00 
  1.3946e+00   1.5301e+00   1.1248e+00   1.4512e+00   1.5315e+00   1.9266e+00   1.9508e+00   2.1203e+00   1.9940e+00   1.7431e+00   1.9203e+00   2.3088e+00   2.0775e+00   2.3230e+00   2.2190e+00   2.0728e+00   2.5201e+00   2.1412e+00   1.8647e+00   2.4297e+00   2.2514e+00   1.7312e+00   1.4957e+00   1.5683e+00   1.6478e+00   1.5615e+00   1.3889e+00   1.2282e+00   1.5752e+00   1.7721e+00   1.7302e+00   2.0007e+00  -9.9900e+02  -9.9900e+02   2.4211e+00   2.1915e+00   1.9724e+00   1.7321e+00   1.3859e+00   2.2737e+00   2.6552e+00   1.6231e+00  -9.9900e+02   1.6091e+00   1.7705e+00   1.8835e+00  -9.9900e+02   4.0367e+00   4.6985e+00   4.7630e+00   3.4498e+00 
  1.2791e+00   1.4131e+00   1.0435e+00   1.3665e+00   1.4606e+00   1.8136e+00   1.8225e+00   1.9867e+00   1.8194e+00   1.6236e+00   1.8212e+00   2.1935e+00   1.9192e+00   2.1866e+00   2.0816e+00   1.9480e+00   2.3141e+00   2.0235e+00   1.7824e+00   2.2690e+00   2.0509e+00   1.6117e+00   1.4010e+00   1.4749e+00   1.5933e+00   1.5476e+00   1.3541e+00   1.1550e+00   1.4752e+00   1.6757e+00   1.6614e+00   1.9303e+00  -9.9900e+02  -9.9900e+02   2.2895e+00   2.0750e+00   1.8525e+00   1.6185e+00   1.3543e+00   2.2469e+00   2.6216e+00   1.5742e+00  -9.9900e+02   1.5225e+00   1.7460e+00   1.9024e+00  -9.9900e+02   3.6970e+00   4.3621e+00   4.5662e+00   3.3426e+00 
  1.1923e+00   1.3268e+00   1.0350e+00   1.3045e+00   1.3508e+00   1.6671e+00   1.7182e+00   1.9035e+00   1.6831e+00   1.5243e+00   1.7319e+00   2.0126e+00   1.7828e+00   2.0370e+00   1.9108e+00   1.8597e+00   2.2400e+00   1.9417e+00   1.6485e+00   2.0678e+00   1.8975e+00   1.4998e+00   1.3276e+00   1.4256e+00   1.5109e+00   1.4132e+00   1.2420e+00   1.0830e+00   1.4015e+00   1.6130e+00   1.5779e+00   1.7868e+00  -9.9900e+02  -9.9900e+02   2.1756e+00   1.9814e+00   1.7199e+00   1.5387e+00   1.3452e+00   2.1937e+00   2.5705e+00   1.5586e+00  -9.9900e+02   1.4335e+00   1.7103e+00   1.9039e+00  -9.9900e+02   3.3828e+00   4.0269e+00   4.1322e+00   3.1194e+00 
  1.1589e+00   1.2757e+00   9.8565e-01   1.2059e+00   1.2824e+00   1.6145e+00   1.6246e+00   1.7800e+00   1.5816e+00   1.4030e+00   1.6025e+00   1.7997e+00   1.6274e+00   1.9303e+00   1.8112e+00   1.7488e+00   2.1238e+00   1.8162e+00   1.4810e+00   1.9061e+00   1.8675e+00   1.3827e+00   1.2475e+00   1.3504e+00   1.3512e+00   1.2794e+00   1.1352e+00   1.0056e+00   1.3189e+00   1.5152e+00   1.4992e+00   1.7380e+00  -9.9900e+02  -9.9900e+02   2.1330e+00   1.8542e+00   1.6032e+00   1.5463e+00   1.3340e+00   2.1519e+00   2.4699e+00   1.4869e+00  -9.9900e+02   1.3124e+00   1.5415e+00   1.7018e+00  -9.9900e+02   3.2256e+00   3.7938e+00   3.6660e+00   2.7251e+00 
  1.0791e+00   1.2058e+00   9.1485e-01   1.1326e+00   1.2241e+00   1.5507e+00   1.5482e+00   1.6377e+00   1.5007e+00   1.2997e+00   1.5000e+00   1.7559e+00   1.5582e+00   1.8245e+00   1.7589e+00   1.6277e+00   1.9426e+00   1.6715e+00   1.4069e+00   1.8248e+00   1.8148e+00   1.2925e+00   1.1746e+00   1.2346e+00   1.2738e+00   1.2755e+00   1.1313e+00   9.2304e-01   1.2425e+00   1.4605e+00   1.3977e+00   1.6032e+00  -9.9900e+02  -9.9900e+02   1.9473e+00   1.6913e+00   1.5188e+00   1.5459e+00   1.3247e+00   2.1098e+00   2.3449e+00   1.3984e+00  -9.9900e+02   1.3307e+00   1.5282e+00   1.6664e+00  -9.9900e+02   3.0312e+00   3.5691e+00   3.5875e+00   2.5766e+00 
  9.9825e-01   1.1230e+00   8.6839e-01   1.1122e+00   1.1505e+00   1.4535e+00   1.4756e+00   1.5533e+00   1.4347e+00   1.2324e+00   1.4479e+00   1.7556e+00   1.5075e+00   1.6834e+00   1.6379e+00   1.5368e+00   1.9042e+00   1.6188e+00   1.3457e+00   1.7228e+00   1.6736e+00   1.1925e+00   1.0860e+00   1.1536e+00   1.2375e+00   1.2642e+00   1.1347e+00   8.7979e-01   1.1329e+00   1.3319e+00   1.2691e+00   1.4407e+00  -9.9900e+02  -9.9900e+02   1.7082e+00   1.5687e+00   1.5205e+00   1.4679e+00   1.2775e+00   2.0767e+00   2.2678e+00   1.3330e+00  -9.9900e+02   1.2597e+00   1.4533e+00   1.5888e+00  -9.9900e+02   2.8863e+00   3.4110e+00   3.5256e+00   2.3576e+00 
  9.0281e-01   1.0318e+00   8.2402e-01   1.0797e+00   1.1282e+00   1.3879e+00   1.3965e+00   1.4635e+00   1.3414e+00   1.1656e+00   1.3839e+00   1.6346e+00   1.3899e+00   1.5895e+00   1.4997e+00   1.4188e+00   1.7950e+00   1.5461e+00   1.2450e+00   1.5859e+00   1.4931e+00   1.1609e+00   1.0148e+00   1.0709e+00   1.1410e+00   1.1195e+00   1.0110e+00   8.2657e-01   1.0402e+00   1.1911e+00   1.1388e+00   1.2847e+00  -9.9900e+02  -9.9900e+02   1.6628e+00   1.5158e+00   1.4750e+00   1.4145e+00   1.2649e+00   2.0921e+00   2.3252e+00   1.3531e+00  -9.9900e+02   1.3250e+00   1.4614e+00   1.5568e+00  -9.9900e+02   2.7402e+00   3.2275e+00   3.2228e+00   2.1355e+00 
  8.5170e-01   9.7648e-01   8.0500e-01   1.0571e+00   1.0773e+00   1.2981e+00   1.3020e+00   1.3510e+00   1.2424e+00   1.1009e+00   1.2935e+00   1.5144e+00   1.2958e+00   1.5157e+00   1.4187e+00   1.2900e+00   1.5751e+00   1.3457e+00   1.1492e+00   1.4985e+00   1.3739e+00   1.1169e+00   9.5164e-01   9.8422e-01   1.0729e+00   9.8368e-01   8.9971e-01   7.6744e-01   9.8725e-01   1.1415e+00   1.0812e+00   1.2834e+00  -9.9900e+02  -9.9900e+02   1.6382e+00   1.5180e+00   1.3575e+00   1.3582e+00   1.2403e+00   2.1299e+00   2.4022e+00   1.3130e+00  -9.9900e+02   1.3664e+00   1.5418e+00   1.6645e+00  -9.9900e+02   2.5843e+00   2.9827e+00   2.9295e+00   1.9768e+00 
  8.4361e-01   9.6014e-01   7.9293e-01   1.0004e+00   9.8282e-01   1.2123e+00   1.2204e+00   1.2784e+00   1.1417e+00   1.0100e+00   1.2151e+00   1.4521e+00   1.2337e+00   1.4354e+00   1.3726e+00   1.2383e+00   1.5204e+00   1.2573e+00   1.0572e+00   1.4531e+00   1.3421e+00   1.0189e+00   9.1025e-01   9.6312e-01   9.9771e-01   9.1131e-01   8.2649e-01   7.1115e-01   9.5299e-01   1.1157e+00   1.0141e+00   1.1972e+00  -9.9900e+02  -9.9900e+02   1.5137e+00   1.4244e+00   1.2742e+00   1.2939e+00   1.2042e+00   2.1724e+00   2.3879e+00   1.2452e+00  -9.9900e+02   1.0897e+00   1.3300e+00   1.4981e+00  -9.9900e+02   2.4123e+00   2.7197e+00   2.6251e+00   1.8826e+00 
  8.3305e-01   9.2722e-01   7.3924e-01   9.3177e-01   9.3191e-01   1.1581e+00   1.1256e+00   1.2080e+00   1.0956e+00   9.6005e-01   1.1356e+00   1.3649e+00   1.1573e+00   1.2795e+00   1.2369e+00   1.1801e+00   1.4993e+00   1.2229e+00   9.8455e-01   1.3260e+00   1.2795e+00   9.5752e-01   8.2757e-01   9.0563e-01   9.1369e-01   8.7526e-01   7.7373e-01   6.5157e-01   8.9697e-01   1.0991e+00   9.4346e-01   1.0726e+00  -9.9900e+02  -9.9900e+02   1.4757e+00   1.3261e+00   1.2107e+00   1.2703e+00   1.2241e+00   2.0849e+00   2.2747e+00   1.2082e+00  -9.9900e+02   1.0184e+00   1.2366e+00   1.3893e+00  -9.9900e+02   2.2174e+00   2.5686e+00   2.5133e+00   1.8701e+00 
  7.8249e-01   8.5648e-01   6.8342e-01   8.7141e-01   8.6475e-01   1.0783e+00   1.0803e+00   1.1573e+00   1.0684e+00   9.3667e-01   1.0692e+00   1.2895e+00   1.0959e+00   1.1673e+00   1.1290e+00   1.0848e+00   1.3491e+00   1.1358e+00   9.3893e-01   1.1990e+00   1.1565e+00   8.8433e-01   7.4529e-01   8.3913e-01   8.8263e-01   8.2365e-01   7.5651e-01   6.3860e-01   8.5290e-01   1.0260e+00   9.2527e-01   1.1566e+00  -9.9900e+02  -9.9900e+02   1.4405e+00   1.2790e+00   1.1585e+00   1.2539e+00   1.2294e+00   2.0067e+00   2.1344e+00   1.1010e+00  -9.9900e+02   1.1154e+00   1.2865e+00   1.4061e+00  -9.9900e+02   2.2041e+00   2.5349e+00   2.4875e+00   1.6919e+00 
  7.1990e-01   7.6333e-01   6.3605e-01   8.4100e-01   8.1542e-01   9.9027e-01   1.0503e+00   1.1166e+00   9.9023e-01   8.7185e-01   9.8420e-01   1.1922e+00   1.0083e+00   1.1331e+00   1.1037e+00   9.9928e-01   1.1840e+00   1.0709e+00   9.3657e-01   1.1582e+00   1.0367e+00   8.2228e-01   7.0162e-01   8.0152e-01   8.5462e-01   7.5234e-01   7.1483e-01   6.0258e-01   8.0194e-01   9.5107e-01   9.0028e-01   1.1593e+00  -9.9900e+02  -9.9900e+02   1.3733e+00   1.2787e+00   1.1534e+00   1.1968e+00   1.1810e+00   1.9868e+00   1.9339e+00   9.8850e-01  -9.9900e+02   1.0987e+00   1.2623e+00   1.3768e+00  -9.9900e+02   2.0048e+00   2.3307e+00   2.4064e+00   1.5788e+00 
  6.9017e-01   7.2616e-01   6.0556e-01   8.4918e-01   8.0618e-01   9.3649e-01   9.9482e-01   1.0841e+00   9.5563e-01   8.2876e-01   9.2870e-01   1.0717e+00   9.0417e-01   1.0753e+00   1.0517e+00   9.3262e-01   1.1032e+00   1.0099e+00   8.9365e-01   1.0646e+00   9.3134e-01   7.9807e-01   6.5132e-01   7.0555e-01   7.7578e-01   6.8572e-01   6.5001e-01   5.5902e-01   7.4364e-01   9.2515e-01   8.3157e-01   9.8471e-01  -9.9900e+02  -9.9900e+02   1.3220e+00   1.2320e+00   1.0979e+00   1.1394e+00   1.1196e+00   1.9853e+00   2.0421e+00   1.0335e+00  -9.9900e+02   9.9939e-01   1.1581e+00   1.2691e+00  -9.9900e+02   1.8488e+00   2.1382e+00   2.2127e+00   1.6670e+00 
  6.4412e-01   7.0612e-01   5.9218e-01   8.0312e-01   7.6900e-01   9.0661e-01   9.4954e-01   1.0154e+00   8.8300e-01   7.7444e-01   8.8494e-01   1.0004e+00   8.4751e-01   1.0021e+00   9.5522e-01   9.0474e-01   1.0628e+00   9.5462e-01   8.2171e-01   1.0151e+00   9.0558e-01   7.6392e-01   6.1721e-01   6.4348e-01   6.9365e-01   6.3393e-01   5.9697e-01   5.3021e-01   7.0290e-01   8.7728e-01   7.7703e-01   8.7044e-01  -9.9900e+02  -9.9900e+02   1.1956e+00   1.1232e+00   1.0382e+00   1.1120e+00   1.1111e+00   1.8722e+00   1.9816e+00   1.0260e+00  -9.9900e+02   1.0450e+00   1.1461e+00   1.2169e+00  -9.9900e+02   1.7765e+00   2.0195e+00   2.0188e+00   1.5518e+00 
  6.2530e-01   6.5858e-01   5.7313e-01   7.1149e-01   6.8208e-01   8.2648e-01   8.7034e-01   9.2497e-01   8.0282e-01   7.1075e-01   8.2047e-01   9.8329e-01   8.3448e-01   9.4471e-01   8.5755e-01   8.5270e-01   1.0100e+00   8.7473e-01   7.7439e-01   1.0056e+00   8.9723e-01   6.9528e-01   5.7664e-01   6.2774e-01   6.4909e-01   6.0629e-01   5.8520e-01   5.0156e-01   6.4830e-01   8.0152e-01   7.1151e-01   7.9905e-01  -9.9900e+02  -9.9900e+02   1.1571e+00   1.1172e+00   1.0230e+00   1.0685e+00   1.1282e+00   1.8177e+00   1.8092e+00   9.3425e-01  -9.9900e+02   9.9898e-01   1.0989e+00   1.1687e+00  -9.9900e+02   1.6775e+00   1.9921e+00   2.0627e+00   1.5195e+00 
  6.2241e-01   6.4401e-01   5.6073e-01   6.7184e-01   6.4516e-01   7.4570e-01   7.6717e-01   8.3022e-01   7.3190e-01   6.2690e-01   7.4147e-01   9.5129e-01   8.0574e-01   8.7453e-01   8.3184e-01   8.1229e-01   9.4679e-01   8.2216e-01   7.3528e-01   9.3313e-01   8.4216e-01   6.5914e-01   5.2604e-01   5.9514e-01   6.5427e-01   5.6681e-01   5.3592e-01   4.6947e-01   6.2928e-01   7.5549e-01   6.8849e-01   8.0942e-01  -9.9900e+02  -9.9900e+02   1.1436e+00   1.1001e+00   9.8732e-01   1.0503e+00   1.1169e+00   1.9150e+00   1.9094e+00   9.1278e-01  -9.9900e+02   1.0434e+00   1.1481e+00   1.2213e+00  -9.9900e+02   1.5978e+00   1.8789e+00   1.9324e+00   1.5291e+00 
  5.9124e-01   6.3470e-01   5.5439e-01   6.3290e-01   6.4309e-01   7.5179e-01   7.5996e-01   7.8598e-01   6.6431e-01   5.9238e-01   6.9824e-01   8.6230e-01   7.3924e-01   8.4678e-01   8.2490e-01   8.0114e-01   9.0699e-01   7.6514e-01   6.8159e-01   8.5386e-01   8.2162e-01   6.5640e-01   5.0326e-01   5.5859e-01   6.1182e-01   5.2526e-01   4.9484e-01   4.5415e-01   6.3114e-01   7.6742e-01   6.8521e-01   8.0429e-01  -9.9900e+02  -9.9900e+02   1.0556e+00   1.0221e+00   9.2198e-01   1.0187e+00   1.0748e+00   1.8581e+00   1.8802e+00   9.3401e-01  -9.9900e+02   1.1620e+00   1.3398e+00   1.4643e+00  -9.9900e+02   1.4371e+00   1.6324e+00   1.6180e+00   1.2877e+00 
  5.1654e-01   5.6815e-01   5.0721e-01   6.1330e-01   5.9748e-01   7.1921e-01   7.5663e-01   7.6263e-01   6.7219e-01   6.3597e-01   6.8524e-01   7.9387e-01   7.0739e-01   7.9727e-01   7.9670e-01   7.6871e-01   8.9272e-01   7.3363e-01   6.3354e-01   7.9521e-01   7.7367e-01   6.1423e-01   5.1010e-01   5.4816e-01   5.5628e-01   5.0909e-01   4.8382e-01   4.2876e-01   5.6316e-01   7.4781e-01   6.5126e-01   7.3758e-01  -9.9900e+02  -9.9900e+02   1.0730e+00   1.0465e+00   8.8650e-01   1.0034e+00   1.0708e+00   1.9067e+00   1.9319e+00   9.4179e-01  -9.9900e+02   1.2020e+00   1.3636e+00   1.4766e+00  -9.9900e+02   1.3801e+00   1.5896e+00   1.5573e+00   1.1847e+00 
  5.0186e-01   5.5201e-01   4.9852e-01   5.9094e-01   5.3900e-01   6.3133e-01   6.6996e-01   7.1397e-01   6.6515e-01   6.2776e-01   6.6065e-01   7.6982e-01   6.7550e-01   7.6324e-01   7.4173e-01   7.1427e-01   8.5109e-01   7.1851e-01   5.9938e-01   7.7917e-01   6.9491e-01   5.5603e-01   5.1815e-01   5.3512e-01   5.3889e-01   5.1697e-01   4.9970e-01   3.9893e-01   5.5078e-01   7.4087e-01   6.2610e-01   7.2731e-01  -9.9900e+02  -9.9900e+02   1.0037e+00   9.9891e-01   8.7095e-01   1.0011e+00   1.0598e+00   1.8785e+00   1.8884e+00   8.8669e-01  -9.9900e+02   1.1696e+00   1.2277e+00   1.2683e+00  -9.9900e+02   1.3342e+00   1.5647e+00   1.5691e+00   1.1008e+00 
  4.8913e-01   5.4704e-01   4.9095e-01   5.7073e-01   5.2573e-01   6.2519e-01   6.0941e-01   6.4877e-01   6.0051e-01   5.6438e-01   6.0713e-01   7.1037e-01   6.2884e-01   7.5337e-01   6.9251e-01   6.5647e-01   7.7341e-01   6.8757e-01   5.9103e-01   7.4316e-01   6.4963e-01   4.8368e-01   4.6252e-01   4.8309e-01   5.0039e-01   5.3594e-01   4.7506e-01   3.7954e-01   5.3426e-01   7.1209e-01   6.0841e-01   7.4922e-01  -9.9900e+02  -9.9900e+02   9.2941e-01   9.3208e-01   8.5094e-01   9.2799e-01   1.0506e+00   1.8505e+00   1.8561e+00   8.5486e-01  -9.9900e+02   9.8847e-01   1.1618e+00   1.2831e+00  -9.9900e+02   1.2606e+00   1.4518e+00   1.4580e+00   1.0386e+00 
  4.6393e-01   5.0790e-01   4.4909e-01   5.5789e-01   5.1041e-01   5.9664e-01   5.7668e-01   6.1447e-01   5.6893e-01   5.4544e-01   5.8100e-01   6.7368e-01   5.9446e-01   6.6203e-01   6.5746e-01   6.1140e-01   7.5038e-01   6.8263e-01   5.5433e-01   6.9117e-01   6.2416e-01   4.8477e-01   4.2007e-01   4.6891e-01   4.5659e-01   4.8719e-01   4.1421e-01   3.7012e-01   5.0805e-01   6.8729e-01   5.8259e-01   7.0508e-01  -9.9900e+02  -9.9900e+02   9.1851e-01   8.9445e-01   7.8199e-01   9.2021e-01   1.0460e+00   1.7674e+00   1.8752e+00   8.9207e-01  -9.9900e+02   8.2076e-01   1.1195e+00   1.3285e+00  -9.9900e+02   1.2340e+00   1.4470e+00   1.4213e+00   9.4523e-01 
  4.4556e-01   4.7560e-01   4.3644e-01   4.8080e-01   4.5334e-01   5.3389e-01   5.6344e-01   6.1581e-01   5.3377e-01   5.0045e-01   5.4692e-01   6.5578e-01   5.8763e-01   6.0530e-01   6.2630e-01   5.6813e-01   7.5219e-01   6.7760e-01   5.2171e-01   6.5416e-01   5.5805e-01   4.8148e-01   3.8650e-01   4.2083e-01   4.7150e-01   4.2988e-01   3.8249e-01   3.5522e-01   4.7997e-01   6.2532e-01   5.7292e-01   7.6353e-01  -9.9900e+02  -9.9900e+02   8.4625e-01   8.5122e-01   7.9245e-01   9.5509e-01   1.0220e+00   1.8155e+00   1.9566e+00   9.1549e-01  -9.9900e+02   9.1648e-01   1.0676e+00   1.1733e+00  -9.9900e+02   1.0987e+00   1.2947e+00   1.3083e+00   8.4998e-01 
  4.1958e-01   4.3637e-01   4.2469e-01   4.5948e-01   4.3950e-01   5.1148e-01   5.4894e-01   5.9789e-01   4.8168e-01   4.4010e-01   5.2805e-01   6.3171e-01   5.7147e-01   5.6716e-01   5.6221e-01   5.3316e-01   7.1365e-01   6.4672e-01   5.1876e-01   6.1111e-01   5.5353e-01   4.5643e-01   3.7296e-01   4.0784e-01   4.6843e-01   4.2887e-01   3.6078e-01   3.3738e-01   4.6361e-01   6.0697e-01   5.5701e-01   7.5578e-01  -9.9900e+02  -9.9900e+02   8.8519e-01   8.8234e-01   8.3206e-01   9.2545e-01   1.0290e+00   1.9290e+00   1.9121e+00   8.4491e-01  -9.9900e+02   1.0369e+00   1.0586e+00   1.0737e+00  -9.9900e+02   8.7843e-01   1.0751e+00   1.1646e+00   8.3724e-01 
  3.8520e-01   4.1346e-01   4.0816e-01   4.3903e-01   4.2679e-01   5.0630e-01   5.2020e-01   5.9963e-01   4.9570e-01   4.2865e-01   5.0910e-01   5.7315e-01   5.2700e-01   5.4218e-01   5.1732e-01   5.0937e-01   6.8291e-01   6.1657e-01   4.9798e-01   5.6438e-01   5.6596e-01   4.2974e-01   3.6733e-01   4.1424e-01   4.6046e-01   4.0769e-01   3.4252e-01   3.1085e-01   4.2873e-01   5.7524e-01   5.2282e-01   6.8279e-01  -9.9900e+02  -9.9900e+02   9.1730e-01   8.8413e-01   7.7963e-01   8.9313e-01   1.0188e+00   1.8077e+00   1.7943e+00   8.1453e-01  -9.9900e+02   9.3343e-01   1.1070e+00   1.2285e+00  -9.9900e+02   8.7284e-01   1.0626e+00   1.0974e+00   8.3868e-01 
  3.5939e-01   3.9028e-01   3.9867e-01   4.5207e-01   4.0488e-01   4.8546e-01   5.1896e-01   5.7356e-01   4.9547e-01   4.1838e-01   4.5840e-01   5.1826e-01   4.9866e-01   5.7492e-01   5.0137e-01   5.1146e-01   6.5774e-01   5.6102e-01   4.4691e-01   5.3936e-01   5.2437e-01   4.8387e-01   3.8636e-01   3.8339e-01   4.0462e-01   3.7608e-01   3.1909e-01   2.7932e-01   3.9083e-01   4.9673e-01   4.7732e-01   6.4043e-01  -9.9900e+02  -9.9900e+02   8.4099e-01   8.3248e-01   7.3637e-01   8.6400e-01   1.0065e+00   1.7158e+00   1.7931e+00   8.4944e-01  -9.9900e+02   8.8552e-01   1.0893e+00   1.2319e+00  -9.9900e+02   9.3084e-01   1.1619e+00   1.2324e+00   7.8157e-01 
  3.4517e-01   3.5863e-01   3.6498e-01   4.2576e-01   3.7175e-01   4.4485e-01   4.7491e-01   5.0069e-01   4.2575e-01   3.7717e-01   4.1871e-01   4.9110e-01   4.6792e-01   5.6851e-01   4.9875e-01   4.9841e-01   6.2908e-01   5.3794e-01   4.3778e-01   5.2900e-01   4.5787e-01   4.4529e-01   3.6482e-01   3.5251e-01   3.5713e-01   3.3825e-01   3.0688e-01   2.7377e-01   4.0425e-01   4.9114e-01   4.2204e-01   5.3835e-01  -9.9900e+02  -9.9900e+02   7.1989e-01   7.6398e-01   7.0133e-01   8.5453e-01   1.0170e+00   1.6727e+00   1.6142e+00   7.3697e-01  -9.9900e+02   8.7137e-01   1.0086e+00   1.1046e+00  -9.9900e+02   7.7852e-01   9.7691e-01   1.0475e+00   7.9351e-01 
  3.6437e-01   3.8243e-01   3.7465e-01   3.8437e-01   3.4367e-01   4.2433e-01   4.6350e-01   5.0539e-01   3.9699e-01   3.4053e-01   4.0299e-01   4.8131e-01   4.2184e-01   5.0030e-01   5.0530e-01   4.5019e-01   5.6329e-01   4.9394e-01   4.1381e-01   5.0780e-01   4.4036e-01   3.6250e-01   3.2735e-01   3.3055e-01   3.6860e-01   3.2004e-01   3.1156e-01   2.7145e-01   3.7875e-01   5.0632e-01   4.2589e-01   5.3436e-01  -9.9900e+02  -9.9900e+02   7.0701e-01   7.3931e-01   6.5332e-01   8.1456e-01   9.8595e-01   1.6656e+00   1.6251e+00   6.7776e-01  -9.9900e+02   7.8303e-01   9.8169e-01   1.1207e+00  -9.9900e+02   7.1655e-01   8.7791e-01   8.9113e-01   6.9050e-01 
  3.4216e-01   3.8056e-01   3.9801e-01   3.9788e-01   3.4349e-01   4.1050e-01   4.4102e-01   4.5973e-01   3.6753e-01   3.3426e-01   4.0824e-01   4.7924e-01   4.1098e-01   4.6603e-01   4.6716e-01   4.1439e-01   5.3456e-01   4.4956e-01   3.7509e-01   4.7090e-01   4.3660e-01   3.8518e-01   3.3455e-01   3.5362e-01   3.7669e-01   3.1376e-01   2.9843e-01   2.6883e-01   3.4874e-01   4.5302e-01   3.8666e-01   5.4474e-01  -9.9900e+02  -9.9900e+02   7.2216e-01   7.0995e-01   6.3768e-01   8.2850e-01   9.6841e-01   1.7037e+00   1.7503e+00   7.1240e-01  -9.9900e+02   7.9605e-01   9.4719e-01   1.0529e+00  -9.9900e+02   7.7366e-01   8.9990e-01   8.7367e-01   6.6744e-01 
  3.2480e-01   3.5755e-01   3.7591e-01   3.6871e-01   3.2561e-01   3.7574e-01   4.2378e-01   4.3675e-01   3.4889e-01   3.1826e-01   4.0406e-01   4.3535e-01   3.7792e-01   4.5077e-01   4.4467e-01   3.8188e-01   5.1589e-01   4.2855e-01   4.0174e-01   4.4352e-01   4.3814e-01   3.7516e-01   3.4057e-01   3.6889e-01   3.6868e-01   2.9052e-01   2.6198e-01   2.4794e-01   3.3554e-01   4.5249e-01   3.7275e-01   5.7248e-01  -9.9900e+02  -9.9900e+02   6.6205e-01   7.7325e-01   6.7173e-01   8.5523e-01   9.8903e-01   1.6956e+00   1.6697e+00   7.0614e-01  -9.9900e+02   7.5406e-01   8.9781e-01   9.9840e-01  -9.9900e+02   7.2390e-01   7.8084e-01   6.8053e-01   7.3726e-01 
  3.2635e-01   3.1944e-01   3.3728e-01   3.5982e-01   3.0997e-01   3.2874e-01   3.8905e-01   3.9419e-01   3.5755e-01   3.2271e-01   3.8578e-01   4.3453e-01   3.6616e-01   4.1746e-01   4.1127e-01   3.8893e-01   5.1303e-01   4.2240e-01   3.9759e-01   4.0767e-01   3.9927e-01   3.4977e-01   3.2296e-01   3.3215e-01   3.5146e-01   2.8787e-01   2.6628e-01   2.2932e-01   3.1268e-01   4.4569e-01   3.5950e-01   4.9278e-01  -9.9900e+02  -9.9900e+02   5.8265e-01   7.7707e-01   6.6126e-01   8.2317e-01   9.9284e-01   1.6963e+00   1.5997e+00   6.4819e-01  -9.9900e+02   7.4354e-01   8.9746e-01   1.0052e+00  -9.9900e+02   5.8984e-01   7.1211e-01   6.9218e-01   6.5997e-01 
  3.0536e-01   3.0992e-01   3.3219e-01   3.5811e-01   3.1327e-01   3.2925e-01   3.3097e-01   3.6180e-01   3.9183e-01   3.2531e-01   3.3158e-01   4.1660e-01   3.8085e-01   3.8780e-01   3.5483e-01   3.5925e-01   4.6132e-01   3.9701e-01   3.3134e-01   3.8943e-01   3.4456e-01   3.1802e-01   2.9591e-01   3.1569e-01   3.3737e-01   2.8730e-01   2.5452e-01   2.1270e-01   2.9991e-01   4.1114e-01   3.4048e-01   4.1033e-01  -9.9900e+02  -9.9900e+02   5.8901e-01   7.0413e-01   6.1909e-01   7.5872e-01   9.5871e-01   1.6929e+00   1.6336e+00   6.5318e-01  -9.9900e+02   7.2659e-01   9.3676e-01   1.0838e+00  -9.9900e+02   5.7861e-01   7.5364e-01   6.8338e-01   5.6235e-01 
  2.9285e-01   3.0677e-01   3.1605e-01   3.6968e-01   3.0994e-01   3.0180e-01   3.1639e-01   3.4509e-01   3.7088e-01   2.7526e-01   2.9593e-01   3.5887e-01   3.5610e-01   3.6408e-01   3.2522e-01   3.0696e-01   3.9598e-01   3.2265e-01   3.1129e-01   4.3110e-01   3.6883e-01   2.6547e-01   2.5422e-01   3.1874e-01   2.9523e-01   2.6211e-01   2.3158e-01   1.9849e-01   3.1229e-01   4.3311e-01   3.6493e-01   5.0317e-01  -9.9900e+02  -9.9900e+02   5.6193e-01   6.2617e-01   5.8227e-01   7.3137e-01   9.3052e-01   1.6681e+00   1.6686e+00   7.2197e-01  -9.9900e+02   6.8789e-01   9.1470e-01   1.0734e+00  -9.9900e+02   5.9530e-01   7.7342e-01   7.4485e-01   6.7868e-01 
  2.7731e-01   2.6217e-01   2.8725e-01   3.7796e-01   2.7584e-01   2.6754e-01   3.0819e-01   3.5059e-01   3.2697e-01   2.6076e-01   3.1045e-01   3.5179e-01   3.2272e-01   3.6826e-01   3.3917e-01   2.7134e-01   3.7283e-01   3.2219e-01   3.2093e-01   4.2706e-01   3.8794e-01   2.8079e-01   2.3501e-01   2.9790e-01   2.5250e-01   2.4782e-01   2.4617e-01   1.9299e-01   2.9577e-01   4.3414e-01   3.4597e-01   4.7605e-01  -9.9900e+02  -9.9900e+02   5.1191e-01   5.7355e-01   5.4132e-01   7.6009e-01   9.7059e-01   1.6776e+00   1.7205e+00   7.4438e-01  -9.9900e+02   7.2602e-01   8.7433e-01   9.7809e-01  -9.9900e+02   5.2953e-01   6.8198e-01   7.5751e-01   5.8470e-01 
  2.6378e-01   2.5045e-01   2.7922e-01   3.4707e-01   2.5955e-01   2.9023e-01   2.9428e-01   3.4500e-01   3.1017e-01   2.5967e-01   2.9994e-01   3.2982e-01   2.8465e-01   3.3923e-01   3.1264e-01   2.5281e-01   3.2802e-01   3.2295e-01   2.6097e-01   3.3090e-01   3.1560e-01   2.6916e-01   2.1698e-01   2.6880e-01   2.6095e-01   2.3327e-01   2.1562e-01   1.8086e-01   2.8455e-01   4.1292e-01   3.2006e-01   4.4519e-01  -9.9900e+02  -9.9900e+02   4.5925e-01   5.7513e-01   5.5335e-01   7.5903e-01   9.5853e-01   1.7012e+00   1.6557e+00   6.6663e-01  -9.9900e+02   6.7934e-01   8.4771e-01   9.6551e-01  -9.9900e+02   4.9479e-01   5.7221e-01   6.0396e-01   4.4059e-01 
  2.4933e-01   2.5715e-01   2.9538e-01   2.9585e-01   2.4769e-01   2.8707e-01   2.7636e-01   2.9362e-01   2.8281e-01   2.4848e-01   2.6890e-01   2.9823e-01   2.5315e-01   2.8221e-01   2.9783e-01   2.6785e-01   3.2424e-01   3.0087e-01   2.4003e-01   2.9427e-01   3.2218e-01   2.3590e-01   1.9437e-01   2.4094e-01   2.7305e-01   2.3007e-01   1.8011e-01   1.5457e-01   2.6516e-01   3.8380e-01   3.2692e-01   4.8437e-01  -9.9900e+02  -9.9900e+02   4.3864e-01   5.3946e-01   5.1132e-01   7.1512e-01   9.3177e-01   1.6447e+00   1.5150e+00   6.0201e-01  -9.9900e+02   6.0750e-01   7.7018e-01   8.8402e-01  -9.9900e+02   4.6260e-01   6.3387e-01   7.4521e-01   4.1156e-01 
  2.2023e-01   2.4157e-01   2.8609e-01   2.7380e-01   2.3925e-01   2.7917e-01   2.6183e-01   2.7666e-01   2.5700e-01   2.3199e-01   2.5670e-01   2.8125e-01   2.4825e-01   2.9729e-01   3.1109e-01   2.7600e-01   3.4576e-01   3.0013e-01   2.5475e-01   3.0422e-01   3.2250e-01   2.2790e-01   1.9998e-01   2.6708e-01   2.5095e-01   1.9567e-01   1.6405e-01   1.4638e-01   2.2052e-01   3.2645e-01   2.8202e-01   4.4844e-01  -9.9900e+02  -9.9900e+02   4.8753e-01   5.2809e-01   5.0394e-01   7.3305e-01   9.3316e-01   1.6181e+00   1.5851e+00   7.0986e-01  -9.9900e+02   5.5866e-01   7.8229e-01   9.3876e-01  -9.9900e+02   4.4035e-01   6.4727e-01   8.4833e-01   3.2153e-01 
  2.2865e-01   2.5658e-01   3.1266e-01   2.8391e-01   2.2461e-01   2.7150e-01   2.3613e-01   2.3143e-01   2.3233e-01   2.1034e-01   2.3117e-01   2.6740e-01   2.5678e-01   3.2893e-01   3.5960e-01   2.6818e-01   2.9325e-01   2.5747e-01   2.4594e-01   3.1376e-01   3.1029e-01   2.2209e-01   1.8701e-01   2.5277e-01   1.9666e-01   1.7878e-01   1.5333e-01   1.4819e-01   2.2635e-01   3.2428e-01   2.7535e-01   4.2036e-01  -9.9900e+02  -9.9900e+02   5.4904e-01   5.4938e-01   4.9876e-01   7.2806e-01   9.4020e-01   1.6004e+00   1.6705e+00   7.2377e-01  -9.9900e+02   5.7342e-01   8.2608e-01   1.0029e+00  -9.9900e+02   4.5139e-01   5.6263e-01   6.3395e-01   3.2781e-01 
  2.4157e-01   2.5389e-01   3.0188e-01   2.6956e-01   2.1335e-01   2.4348e-01   2.4292e-01   2.3206e-01   2.5620e-01   2.0731e-01   2.0947e-01   2.7736e-01   2.8517e-01   2.9778e-01   3.2760e-01   2.4536e-01   2.6821e-01   2.3784e-01   2.5625e-01   3.0015e-01   2.7385e-01   2.2482e-01   1.5849e-01   1.8775e-01   2.1050e-01   1.8367e-01   1.6345e-01   1.3596e-01   2.2553e-01   3.3951e-01   2.5727e-01   3.5584e-01  -9.9900e+02  -9.9900e+02   5.1649e-01   5.3768e-01   4.9292e-01   7.5769e-01   9.7128e-01   1.6049e+00   1.5509e+00   6.5931e-01  -9.9900e+02   6.4580e-01   8.2044e-01   9.4265e-01  -9.9900e+02   4.2230e-01   5.0158e-01   5.6900e-01   4.5957e-01 
  2.2526e-01   2.0506e-01   2.4108e-01   2.8994e-01   2.2448e-01   2.4042e-01   2.7072e-01   2.5364e-01   2.9633e-01   2.2250e-01   1.6955e-01   2.4388e-01   2.7246e-01   2.6210e-01   2.5367e-01   2.2680e-01   2.8053e-01   2.2607e-01   2.3772e-01   2.9056e-01   2.7364e-01   2.3867e-01   1.7365e-01   1.9051e-01   2.3110e-01   1.8463e-01   1.8232e-01   1.4579e-01   2.1955e-01   3.0382e-01   2.6958e-01   3.7196e-01  -9.9900e+02  -9.9900e+02   4.8954e-01   5.5596e-01   4.9392e-01   7.4750e-01   9.4349e-01   1.6601e+00   1.5127e+00   6.3718e-01  -9.9900e+02   6.7741e-01   8.2360e-01   9.2590e-01  -9.9900e+02   4.4775e-01   5.3473e-01   6.0420e-01   5.0384e-01 
  2.1525e-01   2.0274e-01   2.4094e-01   3.3006e-01   2.2440e-01   2.4706e-01   2.7302e-01   2.6292e-01   2.3060e-01   1.9353e-01   1.8076e-01   2.4073e-01   2.1949e-01   2.3827e-01   2.4329e-01   2.3721e-01   2.8668e-01   2.4249e-01   2.0180e-01   2.3614e-01   2.5362e-01   2.3534e-01   1.8642e-01   2.1418e-01   1.7733e-01   1.5965e-01   1.5238e-01   1.5328e-01   2.3929e-01   3.3125e-01   2.7385e-01   4.1137e-01  -9.9900e+02  -9.9900e+02   4.2524e-01   4.9319e-01   4.6625e-01   7.1000e-01   8.8709e-01   1.5902e+00   1.7044e+00   7.2961e-01  -9.9900e+02   8.9658e-01   8.8037e-01   8.6902e-01  -9.9900e+02   3.9020e-01   5.0998e-01   5.6022e-01   5.6634e-01 
  2.3755e-01   2.1674e-01   2.4724e-01   2.8572e-01   2.0844e-01   2.2973e-01   2.4143e-01   2.2226e-01   1.9319e-01   1.9473e-01   2.0017e-01   2.6304e-01   2.3937e-01   2.2287e-01   2.0828e-01   2.2679e-01   2.7624e-01   2.3613e-01   1.9252e-01   2.4065e-01   2.0327e-01   1.7245e-01   1.7914e-01   1.9659e-01   1.9093e-01   1.5748e-01   1.1397e-01   1.2012e-01   2.2776e-01   3.6765e-01   2.4602e-01   3.1301e-01  -9.9900e+02  -9.9900e+02   4.4948e-01   4.9060e-01   4.7689e-01   6.8799e-01   8.8728e-01   2.7272e+01   5.3258e+01   7.1136e-01  -9.9900e+02   1.0657e+00   9.9837e-01   9.5128e-01  -9.9900e+02   3.6063e-01   5.5785e-01   6.6228e-01   4.8710e-01 
  2.3512e-01   2.0745e-01   2.5072e-01   2.9910e-01   2.2718e-01   2.2446e-01   2.3896e-01   2.1959e-01   1.9480e-01   2.1738e-01   1.8304e-01   2.1787e-01   2.4431e-01   2.6509e-01   2.2471e-01   2.1751e-01   2.8743e-01   2.1211e-01   1.7312e-01   2.5596e-01   1.9086e-01   1.7253e-01   1.6899e-01   2.2091e-01   2.2005e-01   1.5292e-01   1.2734e-01   1.0929e-01   2.1420e-01   3.5537e-01   2.5482e-01   3.6008e-01  -9.9900e+02  -9.9900e+02   5.2040e-01   5.4686e-01   5.0466e-01   6.9562e-01   8.8156e-01   2.2281e+01   4.3175e+01   6.5636e-01  -9.9900e+02   6.9692e-01   7.9865e-01   8.6982e-01  -9.9900e+02   2.6992e-01   5.5739e-01   7.0692e-01   3.1497e-01 
  2.0822e-01   2.0953e-01   2.7897e-01   3.6184e-01   2.1772e-01   1.7022e-01   2.0531e-01   2.2221e-01   1.7401e-01   1.7665e-01   1.6943e-01   2.0619e-01   2.0084e-01   2.5838e-01   2.3259e-01   2.2450e-01   2.6953e-01   1.9202e-01   2.0493e-01   2.5407e-01   2.0212e-01   1.6094e-01   1.6938e-01   2.7047e-01   2.0329e-01   1.4083e-01   1.3095e-01   1.1128e-01   1.9947e-01   3.2579e-01   2.3325e-01   3.1823e-01  -9.9900e+02  -9.9900e+02   4.3846e-01   4.7865e-01   4.4663e-01   6.5880e-01   8.4401e-01   1.5870e+00   1.5926e+00   5.6992e-01  -9.9900e+02   5.8291e-01   7.7163e-01   9.0368e-01  -9.9900e+02   3.9165e-01   5.2170e-01   5.6145e-01   3.1773e-01 
  2.0354e-01   1.9371e-01   2.4229e-01   3.4362e-01   1.9562e-01   1.8013e-01   1.8810e-01   2.0531e-01   1.5363e-01   1.6649e-01   2.1470e-01   1.9739e-01   1.8680e-01   2.5044e-01   2.1097e-01   2.2341e-01   2.2822e-01   1.6032e-01   2.0014e-01   2.9542e-01   2.4767e-01   1.8398e-01   1.7600e-01   2.6511e-01   2.2555e-01   1.5672e-01   1.4759e-01   1.0926e-01   2.3298e-01   3.5980e-01   2.5396e-01   4.0818e-01  -9.9900e+02  -9.9900e+02   3.9951e-01   4.6645e-01   4.4854e-01   6.5013e-01   8.6392e-01   1.6048e+00   1.5832e+00   6.0111e-01  -9.9900e+02   6.6674e-01   8.9095e-01   1.0478e+00  -9.9900e+02   4.5275e-01   5.5564e-01   5.3708e-01   3.5710e-01 
  1.9001e-01   1.7433e-01   2.2020e-01   2.9050e-01   1.9793e-01   2.2225e-01   2.3652e-01   2.4525e-01   1.6413e-01   1.7549e-01   1.9038e-01   1.9032e-01   2.1184e-01   2.3931e-01   2.2048e-01   1.8720e-01   2.1712e-01   1.6610e-01   1.5392e-01   3.2035e-01   2.5149e-01   2.0563e-01   1.8061e-01   2.1206e-01   1.8533e-01   1.4075e-01   1.3488e-01   1.0452e-01   2.5049e-01   4.3246e-01   3.3224e-01   4.9252e-01  -9.9900e+02  -9.9900e+02   3.9981e-01   4.7639e-01   4.8160e-01   6.8391e-01   8.7135e-01   1.6147e+00   1.6256e+00   6.5766e-01  -9.9900e+02   6.7320e-01   8.0813e-01   9.0254e-01  -9.9900e+02   3.8843e-01   4.2560e-01   4.2919e-01   3.7331e-01 
  1.8340e-01   1.7480e-01   2.3938e-01   3.3242e-01   2.0759e-01   1.8714e-01   1.8034e-01   1.9178e-01   1.9401e-01   1.8351e-01   1.4110e-01   1.6990e-01   1.7582e-01   2.1528e-01   2.0885e-01   1.4331e-01   1.9769e-01   1.7763e-01   1.5301e-01   2.5218e-01   2.1875e-01   1.7813e-01   1.8433e-01   1.9429e-01   1.9161e-01   1.2191e-01   1.0983e-01   1.0100e-01   1.9693e-01   3.8572e-01   2.7489e-01   3.8540e-01  -9.9900e+02  -9.9900e+02   4.3955e-01   4.8651e-01   4.3477e-01   7.0228e-01   8.7997e-01   1.5946e+00   1.5141e+00   5.6248e-01  -9.9900e+02   6.8515e-01   6.6808e-01   6.5613e-01  -9.9900e+02   3.7678e-01   3.7678e-01   3.7678e-01   3.5596e-01 
  2.0408e-01   1.9546e-01   2.4058e-01   2.8079e-01   2.1534e-01   1.7099e-01   1.7247e-01   1.6485e-01   1.6230e-01   1.6644e-01   1.5331e-01   2.1286e-01   1.6765e-01   2.0193e-01   1.8703e-01   1.7538e-01   2.1469e-01   2.0208e-01   1.3470e-01   2.0583e-01   2.2200e-01   1.8077e-01   1.6744e-01   1.6517e-01   1.9241e-01   1.2386e-01   1.0757e-01   1.1437e-01   1.7788e-01   2.8221e-01   2.3638e-01   3.2891e-01  -9.9900e+02  -9.9900e+02   4.9993e-01   5.1775e-01   4.0878e-01   6.7153e-01   8.6519e-01   1.4559e+00   1.3070e+00   5.5286e-01  -9.9900e+02   6.5824e-01   8.4456e-01   9.7494e-01  -9.9900e+02   6.4413e-01   4.8962e-01   4.0491e-01   2.7356e-01 
  1.8336e-01   2.1252e-01   2.8135e-01   2.8572e-01   1.8217e-01   1.4017e-01   1.7379e-01   1.5580e-01   1.3196e-01   1.3582e-01   1.4628e-01   1.9042e-01   1.7366e-01   1.9590e-01   1.7755e-01   1.7051e-01   2.1164e-01   2.0114e-01   1.7769e-01   2.2071e-01   2.2174e-01   1.9851e-01   1.4564e-01   1.4731e-01   1.8473e-01   1.2846e-01   1.0373e-01   1.0903e-01   1.7757e-01   2.7013e-01   2.8362e-01   3.6374e-01  -9.9900e+02  -9.9900e+02   4.9204e-01   5.4446e-01   4.3865e-01   6.5207e-01   8.5239e-01   1.4872e+00   1.4379e+00   6.1653e-01  -9.9900e+02   5.9821e-01   1.1115e+00   1.4707e+00  -9.9900e+02   4.2261e-01   4.7992e-01   4.3759e-01   4.1834e-01 
  1.9798e-01   2.0489e-01   2.7014e-01   2.8987e-01   1.8825e-01   1.6668e-01   1.6109e-01   1.5956e-01   1.4501e-01   1.1836e-01   1.5324e-01   1.9729e-01   1.8087e-01   1.9008e-01   1.7378e-01   1.9529e-01   2.3822e-01   1.8519e-01   1.7004e-01   2.4019e-01   2.0681e-01   1.6069e-01   1.3719e-01   1.7150e-01   2.0508e-01   1.3869e-01   1.4259e-01   1.0153e-01   1.7849e-01   2.9827e-01   2.8613e-01   4.5936e-01  -9.9900e+02  -9.9900e+02   4.0984e-01   5.0246e-01   4.2394e-01   6.7921e-01   8.5542e-01   1.5520e+00   1.6354e+00   6.4915e-01  -9.9900e+02   6.0974e-01   1.0531e+00   1.3634e+00  -9.9900e+02   5.9044e-01   5.6653e-01   5.1671e-01   3.0139e-01 
  2.1480e-01   1.8063e-01   2.2357e-01   2.5500e-01   1.7691e-01   1.7822e-01   1.9336e-01   1.7397e-01   1.3320e-01   1.1000e-01   1.4592e-01   2.3701e-01   1.8725e-01   1.8560e-01   2.1358e-01   1.9457e-01   2.3967e-01   1.9619e-01   1.6331e-01   1.9420e-01   2.2322e-01   1.4723e-01   1.2786e-01   2.4872e-01   1.8892e-01   1.7490e-01   1.2735e-01   1.0704e-01   2.0461e-01   3.0732e-01   3.3631e-01   6.1522e-01  -9.9900e+02  -9.9900e+02   4.1363e-01   5.1398e-01   4.8470e-01   6.7969e-01   8.6567e-01   1.6589e+01   3.1808e+01   6.7856e-01  -9.9900e+02   6.9438e-01   9.0380e-01   1.0503e+00  -9.9900e+02   3.7031e-01   4.2021e-01   3.8949e-01  -9.9900e+02 
  1.9708e-01   1.8181e-01   2.2499e-01   1.9019e-01   1.3987e-01   1.2863e-01   1.4557e-01   1.9125e-01   1.7239e-01   1.4055e-01   1.1989e-01   2.1565e-01   1.4578e-01   1.5314e-01   1.8109e-01   1.5855e-01   2.1251e-01   2.0335e-01   1.7857e-01   1.8274e-01   2.3201e-01   1.6235e-01   9.8790e-02   1.6018e-01   1.2621e-01   1.5352e-01   1.1100e-01   1.0115e-01   2.2206e-01   3.3000e-01   2.7387e-01   5.7177e-01  -9.9900e+02  -9.9900e+02   4.5588e-01   5.0458e-01   4.6613e-01   6.4610e-01   8.6137e-01   2.3629e+01   4.5894e+01   6.7095e-01  -9.9900e+02   7.0681e-01   8.0708e-01   8.7724e-01  -9.9900e+02   3.2328e-01   3.3131e-01   3.3621e-01   4.1542e-01 
  1.6831e-01   1.6892e-01   2.1478e-01   2.0850e-01   1.8824e-01   1.4322e-01   1.6889e-01   1.9314e-01   1.5997e-01   1.8747e-01   1.5018e-01   1.0477e-01   1.5387e-01   1.4276e-01   1.1689e-01   1.3834e-01   1.6794e-01   1.9487e-01   2.2856e-01   2.1449e-01   1.7557e-01   1.0630e-01   1.0279e-01   1.3574e-01   1.6011e-01   1.4419e-01   1.2682e-01   1.0340e-01   1.9978e-01   3.3118e-01   4.0519e-01   7.8018e-01  -9.9900e+02  -9.9900e+02   4.3600e-01   5.1243e-01   4.6890e-01   6.7269e-01   8.4397e-01   1.5577e+00   1.6195e+00   6.3113e-01  -9.9900e+02   6.1765e-01   7.7327e-01   8.8215e-01  -9.9900e+02   3.1448e-01   4.2319e-01   4.2157e-01   2.9573e-01 
  1.6265e-01   1.5656e-01   2.0955e-01   2.4227e-01   2.4428e-01   1.9068e-01   1.8650e-01   1.7932e-01   1.2337e-01   1.7685e-01   2.0852e-01   1.9918e-01   1.6645e-01   1.7985e-01   1.4877e-01   1.6569e-01   1.7716e-01   2.1043e-01   2.2150e-01   2.1381e-01   1.7045e-01   1.4595e-01   1.0342e-01   1.3309e-01   1.1834e-01   1.0789e-01   1.1637e-01   1.0799e-01   1.9231e-01   3.3993e-01   3.3042e-01   5.8506e-01  -9.9900e+02  -9.9900e+02   4.1581e-01   4.9937e-01   4.7876e-01   6.4813e-01   8.1149e-01   1.5893e+00   1.6027e+00   6.0456e-01  -9.9900e+02   7.6761e-01   9.0227e-01   9.9649e-01  -9.9900e+02   4.1138e-01   4.2192e-01   3.6826e-01   3.1574e-01 
  1.8727e-01   1.5695e-01   2.2833e-01   2.3677e-01   1.9027e-01   2.6330e-01   1.9253e-01   1.7399e-01   1.4928e-01   1.5665e-01   1.7955e-01   2.0944e-01   1.8582e-01   2.5461e-01   2.0199e-01   2.0501e-01   1.9662e-01   1.9206e-01   1.9655e-01   1.7513e-01   8.8915e-02   1.4653e-01   1.2618e-01   1.1289e-01   8.3561e-02   9.2484e-02   9.2007e-02   9.9996e-02   2.2346e-01   3.3728e-01   2.5253e-01   4.3469e-01  -9.9900e+02  -9.9900e+02   4.1014e-01   4.6959e-01   4.3704e-01   6.0574e-01   8.0715e-01   1.5552e+00   1.4928e+00   5.6100e-01  -9.9900e+02   6.9421e-01   8.8780e-01   1.0233e+00  -9.9900e+02   5.1031e-01   5.2124e-01   4.9314e-01   3.0208e-01 
  1.8815e-01   1.7056e-01   2.5130e-01   2.1258e-01   1.5131e-01   1.9421e-01   1.9405e-01   1.8079e-01   1.4918e-01   8.8644e-02   9.3538e-02   1.0875e-01   1.8492e-01   2.5844e-01   1.5688e-01   1.6447e-01   1.6724e-01   1.8276e-01   1.6195e-01   2.7574e-01   2.6125e-01   1.5272e-01   1.4400e-01   1.2661e-01   8.3289e-02   9.9105e-02   1.0814e-01   8.5226e-02   2.0701e-01   3.6605e-01   2.4782e-01   3.8314e-01  -9.9900e+02  -9.9900e+02   3.3705e-01   4.2971e-01   4.4099e-01   6.4741e-01   8.2967e-01   1.5337e+00   1.5591e+00   6.2481e-01  -9.9900e+02   6.4889e-01   7.7514e-01   8.6348e-01  -9.9900e+02   3.5675e-01   3.9546e-01   4.1076e-01   2.3145e-01 
  1.7470e-01   1.6419e-01   2.1865e-01   1.7430e-01   1.2350e-01   1.4699e-01   1.7810e-01   1.6377e-01   1.5023e-01   1.6407e-01   1.4491e-01   1.5407e-01   1.7061e-01   1.8570e-01   1.7481e-01   1.7515e-01   1.2963e-01   1.5349e-01   1.5031e-01   2.5120e-01   2.2868e-01   1.0710e-01   9.2466e-02   1.4066e-01   1.5141e-01   8.2286e-02   6.2070e-02   8.9409e-02   1.6407e-01   3.2563e-01   2.3433e-01   3.6027e-01  -9.9900e+02  -9.9900e+02   3.0972e-01   4.0693e-01   4.8440e-01   6.8085e-01   8.5862e-01   1.6673e+00   1.5495e+00   5.7208e-01  -9.9900e+02   6.8264e-01   7.1455e-01   7.3688e-01  -9.9900e+02   3.8857e-01   4.2867e-01   4.3050e-01   1.6171e-01 
  1.6967e-01   1.6844e-01   1.9805e-01   1.8804e-01   1.3257e-01   1.5066e-01   1.8178e-01   1.6180e-01   1.3021e-01   1.8263e-01   1.5730e-01   1.5929e-01   1.3312e-01   1.4046e-01   1.5141e-01   1.5525e-01   1.9772e-01   1.3972e-01   1.3686e-01   2.1673e-01   1.9951e-01   1.3853e-01   1.2673e-01   1.3399e-01   9.5384e-02   9.1314e-02   9.0846e-02   8.9387e-02   2.4313e-01   3.1463e-01   2.7756e-01   5.3603e-01  -9.9900e+02  -9.9900e+02   3.7400e-01   4.2334e-01   4.5367e-01   6.7443e-01   8.5190e-01   1.6043e+00   1.4178e+00   5.3364e-01  -9.9900e+02   5.4409e-01   5.9020e-01   6.2245e-01  -9.9900e+02   5.9389e-01   5.3185e-01   4.6579e-01  -9.9900e+02 
  1.8195e-01   1.6353e-01   2.0054e-01   1.9337e-01   1.5121e-01   1.4714e-01   1.6209e-01   1.9706e-01   1.8878e-01   1.4045e-01   1.4380e-01   1.8018e-01   1.6363e-01   1.6225e-01   2.3013e-01   2.4037e-01   2.1499e-01   1.4832e-01   1.4412e-01   2.0027e-01   1.4379e-01   1.4823e-01   1.3839e-01   1.5049e-01   1.1044e-01   1.0676e-01   9.0019e-02   8.1718e-02   2.4863e-01   3.6092e-01   3.7660e-01   5.8060e-01  -9.9900e+02  -9.9900e+02   3.3148e-01   4.3852e-01   4.6511e-01   6.1324e-01   7.8581e-01   1.4342e+00   1.4200e+00   5.7918e-01  -9.9900e+02   6.3810e-01   6.1385e-01   5.9689e-01  -9.9900e+02   4.8560e-01   4.4019e-01   3.9184e-01   2.5937e-01 
  1.7690e-01   1.5214e-01   2.0291e-01   2.1602e-01   1.4269e-01   1.6157e-01   1.8458e-01   1.8649e-01   1.6956e-01   1.0245e-01   1.1501e-01   1.8531e-01   2.7492e-01   2.4946e-01   2.5334e-01   1.7386e-01   1.3580e-01   1.3540e-01   1.0930e-01   1.2429e-01   1.2626e-01   1.3437e-01   1.3051e-01   1.1386e-01   9.4626e-02   1.2197e-01   1.1727e-01   1.1043e-01   1.7696e-01   3.7713e-01   5.8916e-01   5.8916e-01  -9.9900e+02  -9.9900e+02   3.4983e-01   4.5549e-01   4.6242e-01   6.1219e-01   7.9330e-01   1.4723e+00   1.5417e+00   6.0262e-01  -9.9900e+02   6.2183e-01   6.1970e-01   6.1820e-01  -9.9900e+02   3.5333e-01   3.8232e-01   3.5261e-01   2.8844e-01 
  1.8988e-01   1.5762e-01   2.0281e-01   1.8919e-01   1.7887e-01   2.0371e-01   1.6829e-01   1.7145e-01   1.4230e-01   1.1717e-01   1.4285e-01   1.9062e-01   1.6690e-01   2.1534e-01   2.0298e-01   1.3093e-01   1.1096e-01   1.7119e-01   1.3355e-01   1.5030e-01   9.2282e-02   1.3031e-01   1.5275e-01   1.3513e-01   7.4911e-02   1.5598e-01   1.1120e-01   1.0649e-01   1.7739e-01   3.1718e-01   2.3077e-01   3.5496e-01  -9.9900e+02  -9.9900e+02   5.5875e-01   4.7344e-01   4.1238e-01   6.5196e-01   8.6660e-01   1.6206e+00   1.8135e+00   6.5176e-01  -9.9900e+02   6.6309e-01   7.3676e-01   7.8831e-01  -9.9900e+02   3.8261e-01   3.7281e-01   3.2664e-01   1.8141e-01 
  1.8239e-01   1.5787e-01   1.9450e-01   1.5065e-01   1.5448e-01   1.5169e-01   1.4352e-01   1.7466e-01   1.6242e-01   1.6026e-01   1.1494e-01   1.6950e-01   1.7588e-01   1.4717e-01   2.0102e-01   1.5861e-01   2.0950e-01   2.0412e-01   1.5305e-01   1.5675e-01   6.7568e-02   1.0100e-01   1.3138e-01   1.1205e-01   7.4345e-02   1.3169e-01   1.1045e-01   1.0504e-01   2.0960e-01   3.4895e-01   2.1700e-01   2.6023e-01  -9.9900e+02  -9.9900e+02   6.0557e-01   5.5195e-01   4.7133e-01   6.0518e-01   8.3197e-01   1.5407e+00   1.8111e+00   6.7145e-01  -9.9900e+02   8.8637e-01   9.9740e-01   1.0751e+00  -9.9900e+02   5.7116e-01   5.7116e-01   4.8379e-01   1.0968e-01 
  1.7737e-01   1.8601e-01   2.1020e-01   1.6459e-01   1.8081e-01   2.0589e-01   1.5996e-01   1.8234e-01   1.6692e-01   1.5083e-01   1.8330e-01   1.9266e-01   2.1239e-01   1.6962e-01   1.5882e-01   1.5159e-01   1.7287e-01   1.5639e-01   1.7535e-01   2.7155e-01   1.7469e-01   1.5049e-01   1.6093e-01   2.0446e-01   1.0900e-01   9.0738e-02   1.1587e-01   7.0528e-02   1.9903e-01   3.8455e-01   1.8399e-01   2.3322e-01  -9.9900e+02  -9.9900e+02   4.8160e-01   4.8527e-01   4.5285e-01   6.5290e-01   8.0861e-01   1.5121e+00   1.5772e+00   6.4189e-01  -9.9900e+02   6.7547e-01   9.4292e-01   1.1301e+00  -9.9900e+02   7.8539e-01   7.8539e-01   7.0745e-01   3.4077e-01 
  2.1323e-01   2.0614e-01   2.0925e-01   2.2500e-01   1.9599e-01   2.3967e-01   1.7688e-01   1.4449e-01   1.6807e-01   1.1862e-01   1.4287e-01   1.7947e-01   1.7183e-01   1.7854e-01   2.0338e-01   1.6758e-01   2.1853e-01   1.8036e-01   1.5517e-01   2.1338e-01   2.2568e-01   1.5219e-01   2.4261e-01   4.0959e-01   1.8430e-01   1.1829e-01   1.2103e-01   8.1298e-02   1.7889e-01   3.2804e-01   3.6749e-01   4.8082e-01  -9.9900e+02  -9.9900e+02   4.8942e-01   4.0195e-01   3.5434e-01   6.0174e-01   8.2368e-01   1.4403e+00   1.4307e+00   6.1169e-01  -9.9900e+02   6.8826e-01   8.8817e-01   1.0280e+00  -9.9900e+02   2.6188e-01   4.1034e-01   4.3564e-01   3.5936e-01 
  1.8848e+00   1.1038e+00   2.2548e-01   3.0845e-01   2.7470e-01   1.7711e-01   1.5856e-01   1.8182e-01   1.8575e-01   2.0098e-01   1.7563e-01   1.7321e-01   1.8259e-01   2.2179e-01   1.9493e-01   1.1189e-01   1.3630e-01   1.5179e-01   1.5262e-01   1.8539e-01   2.0066e-01   1.1940e-01   1.2883e-01   1.9249e-01   1.4260e-01   3.7681e-02   4.3133e-02   7.8687e-02   2.9100e-01   2.7574e-01   2.5867e-01   4.4701e-01  -9.9900e+02  -9.9900e+02   7.4541e-01   5.5427e-01   3.9634e-01   5.7226e-01   8.0555e-01   3.7182e+01   7.2725e+01   5.2936e-01  -9.9900e+02   8.7260e-01   9.0341e-01   9.2497e-01  -9.9900e+02   2.0016e-01   2.0016e-01   1.6346e-01   1.6346e-01 
  8.5697e+00   6.4077e+00   1.2177e+00   3.8150e+00   3.4487e+00   1.3522e+00   1.6836e+00   1.5369e+00   5.5351e-01   2.5277e-01   2.8151e-01   3.5193e-01   3.9164e-01   2.7175e-01   1.4776e-01   1.0269e-01   1.2352e-01   1.6432e-01   9.4840e-02   1.9835e-01   2.3407e-01   1.5406e-01   1.7386e-01   1.4823e-01   1.2184e-01   9.6983e-02   8.3827e-02   1.2489e-01   2.9348e-01   3.8170e-01   2.7621e-01   2.3662e-01  -9.9900e+02  -9.9900e+02   7.1703e-01   6.0056e-01   4.1990e-01   5.6079e-01   8.2239e-01   3.8040e+00   3.2873e+00   5.5244e-01  -9.9900e+02   6.3638e-01   7.2626e-01   7.8915e-01  -9.9900e+02   3.6197e-01   3.8515e-01   3.1779e-01   1.1000e-01 
  1.7061e+01   1.6062e+01   6.4892e+00   1.0403e+01   8.4583e+00   5.3984e+00   6.4413e+00   5.8494e+00   2.2835e+00   9.9618e-01   6.4135e-01   5.1965e-01   4.4483e-01   2.6425e-01   1.2964e-01   1.5586e-01   1.9587e-01   1.8935e-01   1.0621e-01   9.8030e-02   8.1680e-02   1.1484e-01   9.7994e-02   1.7499e-01   1.2630e-01   8.5034e-02   1.7229e-01   1.4248e-01   2.2249e-01   3.4341e-01   3.8426e-01   4.9642e-01  -9.9900e+02  -9.9900e+02   5.2698e-01   5.4284e-01   4.4314e-01   5.4748e-01   8.7437e-01   5.4418e+00   4.6164e+00   7.4393e-01  -9.9900e+02   6.1381e-01   7.3432e-01   8.1865e-01  -9.9900e+02   7.3577e-01   7.2220e-01   8.8140e-01   2.2483e-01 
  2.3283e+01   2.4370e+01   1.3010e+01   1.6452e+01   1.4252e+01   1.2748e+01   1.2614e+01   1.0550e+01   5.1608e+00   2.2279e+00   1.0329e+00   6.3656e-01   4.0957e-01   3.4011e-01   2.1648e-01   1.6909e-01   2.1696e-01   1.6436e-01   1.6702e-01   2.1460e-01   1.6305e-01   1.3229e-01   1.5086e-01   1.0218e-01   9.4539e-02   8.6141e-02   1.9282e-01   1.1177e-01   2.3647e-01   3.0835e-01   3.3843e-01   5.0302e-01  -9.9900e+02  -9.9900e+02   2.8382e-01   4.5756e-01   4.1929e-01   5.3775e-01   9.1498e-01   6.4631e+00   5.6405e+00   2.0426e+00  -9.9900e+02   9.0691e-01   1.0200e+00   1.0991e+00  -9.9900e+02   1.6131e+00   2.9821e+00   4.5019e+00   3.1709e-01 
  2.7014e+01   2.8780e+01   1.6847e+01   2.0305e+01   1.8162e+01   1.8021e+01   1.6164e+01   1.3711e+01   6.7381e+00   2.6416e+00   1.1595e+00   6.0193e-01   3.2143e-01   2.8187e-01   2.4321e-01   2.7425e-01   3.0574e-01   2.5248e-01   9.7011e-02   1.7307e-01   2.3734e-01   1.8404e-01   1.2441e-01   8.7109e-02   1.1658e-01   8.2436e-02   9.2803e-02   7.8542e-02   2.9156e-01   3.7953e-01   1.9434e-01  -9.9900e+02  -9.9900e+02  -9.9900e+02   3.3519e-01   4.5867e-01   4.3079e-01   6.0729e-01   9.6780e-01   8.1170e+00   9.4619e+00   7.4529e+00  -9.9900e+02   2.2966e+00   2.2467e+00   2.2118e+00  -9.9900e+02   3.9952e+00   8.5402e+00   1.2185e+01   4.4673e-01 
  2.8148e+01   3.0013e+01   1.8407e+01   2.1969e+01   2.0010e+01   2.1077e+01   1.9418e+01   1.8565e+01   9.9492e+00   4.6849e+00   2.5264e+00   1.0582e+00   3.7934e-01   2.3068e-01   1.8974e-01   2.1281e-01   2.2540e-01   2.1468e-01   1.4389e-01   2.9064e-01   3.2913e-01   2.5336e-01   1.5335e-01   9.3376e-02   1.1021e-01   9.7125e-02   8.1665e-02   9.7888e-02   1.9166e-01   3.9242e-01   1.9812e-01  -9.9900e+02  -9.9900e+02  -9.9900e+02   1.2944e+00   1.0633e+00   3.1952e+00   1.9401e+00   1.4709e+00   1.0438e+01   1.6440e+01   1.7847e+01  -9.9900e+02   4.6099e+00   4.7847e+00   4.9070e+00  -9.9900e+02   1.2132e+01   2.7038e+01   3.6477e+01   1.4035e+00 

Na Density Error (cm^(-3))
  3.7470e-02   3.7198e-02   2.6801e-02   4.3607e-02   3.7201e-02   4.8273e-02   4.4379e-02   5.3484e-02   4.5978e-02   4.0596e-02   4.6504e-02   6.1976e-02   4.7722e-02   5.9647e-02   5.6690e-02   5.0354e-02   6.9296e-02   5.8919e-02   4.5980e-02   6.8143e-02   5.6385e-02   4.4716e-02   3.6350e-02   4.1176e-02   4.4246e-02   4.2178e-02   3.8473e-02   3.1435e-02   4.3354e-02   5.4976e-02   5.2821e-02   9.1130e-02  -9.9900e+02  -9.9900e+02   1.1034e-01   6.0162e-02   5.0391e-02   4.3019e-02   2.4195e-02   6.3455e-02   8.4225e-02   6.7459e-02  -9.9900e+02   7.5340e-02   6.4637e-02   8.6760e-02  -9.9900e+02   1.6799e-01   1.5815e-01   2.0491e-01   1.5254e-01 
  3.7419e-02   3.6971e-02   2.6243e-02   4.2317e-02   3.5039e-02   4.6290e-02   4.3069e-02   5.3762e-02   4.5940e-02   3.9146e-02   4.5797e-02   6.0234e-02   4.7327e-02   5.7552e-02   5.5241e-02   4.9768e-02   6.9605e-02   5.8010e-02   4.4801e-02   6.6617e-02   5.4901e-02   4.4199e-02   3.7308e-02   3.9936e-02   4.3728e-02   4.2269e-02   3.6358e-02   3.0490e-02   4.2585e-02   5.4028e-02   5.1743e-02   9.3577e-02  -9.9900e+02  -9.9900e+02   1.0593e-01   5.9086e-02   4.9951e-02   4.2752e-02   2.3937e-02   6.1292e-02   8.5720e-02   6.7296e-02  -9.9900e+02   8.2556e-02   6.5128e-02   8.2459e-02  -9.9900e+02   1.5967e-01   1.5485e-01   2.0265e-01   1.5082e-01 
  3.6685e-02   3.6447e-02   2.5674e-02   3.9956e-02   3.4666e-02   4.5873e-02   4.2044e-02   5.2937e-02   4.4586e-02   3.8049e-02   4.3796e-02   5.7758e-02   4.5642e-02   5.6974e-02   5.5438e-02   4.7222e-02   6.4029e-02   5.5807e-02   4.3386e-02   6.5173e-02   5.0417e-02   4.2209e-02   3.5758e-02   4.0078e-02   4.3843e-02   4.1098e-02   3.5364e-02   2.9855e-02   4.1435e-02   5.0594e-02   5.0494e-02   9.3691e-02  -9.9900e+02  -9.9900e+02   1.0131e-01   5.8161e-02   4.9983e-02   4.2435e-02   2.3816e-02   6.5531e-02   8.6751e-02   6.4489e-02  -9.9900e+02   8.5516e-02   6.6597e-02   8.3428e-02  -9.9900e+02   1.5387e-01   1.5032e-01   2.0308e-01   1.4498e-01 
  3.5328e-02   3.5243e-02   2.5087e-02   3.8865e-02   3.4456e-02   4.4073e-02   4.0575e-02   5.1715e-02   4.3354e-02   3.8210e-02   4.3146e-02   5.6876e-02   4.4320e-02   5.5893e-02   5.3983e-02   4.5947e-02   6.1389e-02   5.4496e-02   4.3045e-02   6.3578e-02   4.9184e-02   4.0752e-02   3.4795e-02   3.9281e-02   4.5690e-02   4.5036e-02   3.5826e-02   2.9307e-02   4.0401e-02   4.9844e-02   4.9697e-02   9.3183e-02  -9.9900e+02  -9.9900e+02   9.8494e-02   5.7517e-02   4.8876e-02   4.0380e-02   2.3498e-02   6.7923e-02   8.7811e-02   6.3597e-02  -9.9900e+02   8.0464e-02   6.8744e-02   9.2038e-02  -9.9900e+02   1.4956e-01   1.4731e-01   2.0107e-01   1.4587e-01 
  3.3935e-02   3.4454e-02   2.5696e-02   3.8536e-02   3.2797e-02   4.1584e-02   3.9769e-02   5.0699e-02   4.0797e-02   3.6929e-02   4.2324e-02   5.4395e-02   4.3171e-02   5.4261e-02   5.1362e-02   4.6599e-02   6.2030e-02   5.3746e-02   4.2052e-02   6.1779e-02   4.9188e-02   3.9329e-02   3.4357e-02   3.9686e-02   4.4665e-02   4.1713e-02   3.4131e-02   2.8623e-02   3.9208e-02   4.8712e-02   4.9612e-02   9.4279e-02  -9.9900e+02  -9.9900e+02   9.5646e-02   5.5626e-02   4.7247e-02   4.0452e-02   2.3872e-02   6.7170e-02   9.1519e-02   6.3903e-02  -9.9900e+02   7.8967e-02   6.7073e-02   8.9477e-02  -9.9900e+02   1.4878e-01   1.4494e-01   1.8936e-01   1.3906e-01 
  3.3698e-02   3.4209e-02   2.5104e-02   3.6211e-02   3.1871e-02   4.2288e-02   3.9210e-02   4.9395e-02   3.9235e-02   3.4858e-02   4.1523e-02   5.1875e-02   4.1306e-02   5.3038e-02   4.9886e-02   4.6056e-02   5.9601e-02   5.2499e-02   3.9923e-02   6.0000e-02   4.8043e-02   3.7082e-02   3.3006e-02   3.9964e-02   3.9967e-02   3.8110e-02   3.1853e-02   2.7610e-02   3.8629e-02   4.6842e-02   4.8334e-02   9.2900e-02  -9.9900e+02  -9.9900e+02   9.6598e-02   5.3700e-02   4.5244e-02   4.3047e-02   2.4370e-02   6.7062e-02   8.8957e-02   6.4504e-02  -9.9900e+02   7.3833e-02   6.0031e-02   7.7771e-02  -9.9900e+02   1.4529e-01   1.4215e-01   1.7477e-01   1.2726e-01 
  3.2700e-02   3.3601e-02   2.4465e-02   3.5030e-02   3.1573e-02   4.1924e-02   3.8641e-02   4.7132e-02   3.9383e-02   3.3923e-02   4.0972e-02   5.2683e-02   4.1975e-02   5.3179e-02   5.0705e-02   4.3812e-02   5.6731e-02   5.0506e-02   3.9463e-02   5.8699e-02   4.5145e-02   3.5772e-02   3.2335e-02   3.7358e-02   4.0095e-02   4.1955e-02   3.4763e-02   2.6298e-02   3.8379e-02   4.7590e-02   4.6341e-02   8.5890e-02  -9.9900e+02  -9.9900e+02   9.0953e-02   5.0755e-02   4.3425e-02   4.3684e-02   2.4198e-02   6.2437e-02   8.2283e-02   6.2410e-02  -9.9900e+02   7.8691e-02   6.5680e-02   8.6643e-02  -9.9900e+02   1.4027e-01   1.3505e-01   1.7583e-01   1.2902e-01 
  3.1387e-02   3.2327e-02   2.3716e-02   3.7062e-02   3.0824e-02   4.0173e-02   3.7955e-02   4.5565e-02   3.9909e-02   3.2879e-02   4.0473e-02   5.3890e-02   4.1661e-02   5.1099e-02   4.8729e-02   4.2345e-02   5.9610e-02   5.0624e-02   3.9362e-02   5.6853e-02   4.3773e-02   3.4149e-02   3.1026e-02   3.5650e-02   4.0415e-02   4.5000e-02   3.9038e-02   2.6244e-02   3.6860e-02   4.5722e-02   4.5390e-02   8.3547e-02  -9.9900e+02  -9.9900e+02   8.5569e-02   4.9633e-02   4.5537e-02   4.0919e-02   2.3564e-02   6.2584e-02   7.9826e-02   5.9333e-02  -9.9900e+02   7.4026e-02   6.4960e-02   8.8348e-02  -9.9900e+02   1.4089e-01   1.3294e-01   1.7893e-01   1.2137e-01 
  2.9726e-02   3.0722e-02   2.3111e-02   3.7269e-02   3.1466e-02   3.9783e-02   3.7460e-02   4.5226e-02   3.8152e-02   3.2413e-02   3.9580e-02   5.1915e-02   3.8740e-02   5.0453e-02   4.6257e-02   4.0413e-02   5.7692e-02   5.0022e-02   3.7793e-02   5.5458e-02   4.3315e-02   3.5455e-02   3.0619e-02   3.5543e-02   3.8767e-02   3.9886e-02   3.4822e-02   2.5629e-02   3.4946e-02   4.2310e-02   4.3230e-02   7.9207e-02  -9.9900e+02  -9.9900e+02   8.5332e-02   4.8994e-02   4.5943e-02   4.0295e-02   2.4406e-02   6.9675e-02   8.8785e-02   6.0683e-02  -9.9900e+02   7.8904e-02   6.3898e-02   8.2541e-02  -9.9900e+02   1.3619e-01   1.3108e-01   1.7091e-01   1.1019e-01 
  2.8267e-02   3.0256e-02   2.3737e-02   3.8161e-02   3.1677e-02   3.8645e-02   3.6381e-02   4.3888e-02   3.6287e-02   3.2251e-02   3.8203e-02   4.9849e-02   3.7939e-02   4.9918e-02   4.6079e-02   3.8314e-02   5.2439e-02   4.6149e-02   3.5756e-02   5.4926e-02   4.7218e-02   3.5824e-02   3.1944e-02   3.3448e-02   3.8593e-02   3.4730e-02   3.1399e-02   2.5112e-02   3.3960e-02   4.2229e-02   4.2244e-02   8.1136e-02  -9.9900e+02  -9.9900e+02   8.6527e-02   5.0121e-02   4.2065e-02   4.0274e-02   2.3934e-02   7.0098e-02   9.0530e-02   5.9794e-02  -9.9900e+02   8.4404e-02   6.9885e-02   9.1697e-02  -9.9900e+02   1.3389e-01   1.2667e-01   1.6373e-01   1.0599e-01 
  2.8424e-02   3.0833e-02   2.4357e-02   3.6806e-02   2.9677e-02   3.8145e-02   3.5636e-02   4.2038e-02   3.4719e-02   3.0270e-02   3.8448e-02   4.9337e-02   3.7288e-02   4.7714e-02   4.5847e-02   3.9022e-02   5.7684e-02   4.5034e-02   3.4222e-02   5.4205e-02   4.6312e-02   3.4167e-02   3.1712e-02   3.5774e-02   3.6494e-02   3.2045e-02   2.9760e-02   2.4528e-02   3.3571e-02   4.2416e-02   4.1032e-02   7.5633e-02  -9.9900e+02  -9.9900e+02   8.5525e-02   4.9496e-02   4.0884e-02   3.8731e-02   2.3151e-02   7.1350e-02   9.1355e-02   5.9140e-02  -9.9900e+02   6.8767e-02   6.3813e-02   8.9329e-02  -9.9900e+02   1.3455e-01   1.2167e-01   1.5240e-01   1.0281e-01 
  2.9012e-02   3.0308e-02   2.2450e-02   3.4897e-02   2.8333e-02   3.7655e-02   3.3754e-02   4.1155e-02   3.4854e-02   2.9579e-02   3.7012e-02   4.8543e-02   3.6107e-02   4.5997e-02   4.3393e-02   3.8075e-02   5.9064e-02   4.5229e-02   3.3826e-02   5.2284e-02   4.4314e-02   3.2566e-02   2.7686e-02   3.4302e-02   3.3907e-02   3.3072e-02   2.8599e-02   2.3222e-02   3.2641e-02   4.2510e-02   3.8877e-02   6.8921e-02  -9.9900e+02  -9.9900e+02   8.4930e-02   4.7705e-02   4.0895e-02   3.8294e-02   2.4123e-02   6.7151e-02   9.0892e-02   5.9238e-02  -9.9900e+02   6.4803e-02   5.9050e-02   8.1931e-02  -9.9900e+02   1.2422e-01   1.1908e-01   1.5309e-01   1.0545e-01 
  2.9016e-02   2.9224e-02   2.1148e-02   3.3783e-02   2.7123e-02   3.6268e-02   3.3272e-02   4.1712e-02   3.5501e-02   3.0064e-02   3.5640e-02   4.8399e-02   3.5825e-02   4.3661e-02   4.2196e-02   3.6839e-02   5.3008e-02   4.3676e-02   3.3295e-02   4.9824e-02   4.0583e-02   3.0796e-02   2.5361e-02   3.0813e-02   3.4911e-02   3.3176e-02   2.9125e-02   2.3185e-02   3.2708e-02   4.2582e-02   4.0210e-02   7.9672e-02  -9.9900e+02  -9.9900e+02   8.2754e-02   4.6296e-02   3.9749e-02   3.8274e-02   2.4396e-02   6.3069e-02   8.5283e-02   5.4990e-02  -9.9900e+02   7.1149e-02   5.9783e-02   7.9209e-02  -9.9900e+02   1.2158e-01   1.1649e-01   1.5330e-01   1.0069e-01 
  2.7834e-02   2.6947e-02   2.0628e-02   3.3266e-02   2.7072e-02   3.5467e-02   3.4815e-02   4.1647e-02   3.3724e-02   2.8897e-02   3.5656e-02   4.7004e-02   3.4470e-02   4.2457e-02   4.2035e-02   3.5928e-02   4.7566e-02   4.2560e-02   3.3512e-02   4.8913e-02   3.6063e-02   2.9939e-02   2.5248e-02   3.2046e-02   3.5024e-02   3.0347e-02   3.1350e-02   2.2813e-02   3.1844e-02   4.1004e-02   4.1289e-02   8.5497e-02  -9.9900e+02  -9.9900e+02   8.1011e-02   4.8019e-02   4.0190e-02   3.8617e-02   2.3463e-02   6.5781e-02   7.6050e-02   5.1836e-02  -9.9900e+02   7.3163e-02   5.9757e-02   7.7667e-02  -9.9900e+02   1.1916e-01   1.1237e-01   1.5241e-01   1.0793e-01 
  2.6941e-02   2.6458e-02   1.9820e-02   3.7202e-02   2.8646e-02   3.4339e-02   3.3842e-02   4.0668e-02   3.3322e-02   2.9281e-02   3.4407e-02   4.2623e-02   3.2062e-02   4.2130e-02   4.1903e-02   3.5107e-02   4.4891e-02   4.1467e-02   3.3011e-02   4.7260e-02   3.4890e-02   3.2023e-02   2.5227e-02   3.0177e-02   3.2634e-02   2.8461e-02   2.7815e-02   2.2012e-02   3.0399e-02   4.0014e-02   3.9294e-02   7.4586e-02  -9.9900e+02  -9.9900e+02   8.0763e-02   4.9871e-02   3.9122e-02   3.8011e-02   2.2794e-02   6.7539e-02   8.3998e-02   5.4600e-02  -9.9900e+02   6.9061e-02   5.5821e-02   7.2006e-02  -9.9900e+02   1.1863e-01   1.1048e-01   1.4643e-01   1.2042e-01 
  2.5799e-02   2.6510e-02   2.0141e-02   3.5662e-02   2.8857e-02   3.4130e-02   3.4168e-02   4.0119e-02   3.1951e-02   2.9217e-02   3.3259e-02   3.9582e-02   3.0636e-02   4.1384e-02   3.9851e-02   3.4815e-02   4.5147e-02   4.1436e-02   3.1093e-02   4.6215e-02   3.6019e-02   3.3877e-02   2.5096e-02   2.7578e-02   2.9522e-02   2.6502e-02   2.4272e-02   2.1408e-02   2.9559e-02   3.9630e-02   3.7545e-02   6.4461e-02  -9.9900e+02  -9.9900e+02   7.7196e-02   4.6725e-02   3.9574e-02   3.8928e-02   2.3010e-02   6.1385e-02   8.0227e-02   5.4371e-02  -9.9900e+02   7.2951e-02   5.6043e-02   6.9388e-02  -9.9900e+02   1.1988e-01   1.0617e-01   1.3896e-01   1.0873e-01 
  2.5138e-02   2.4923e-02   2.0847e-02   3.1080e-02   2.5981e-02   3.2410e-02   3.2327e-02   3.9110e-02   3.0876e-02   2.7519e-02   3.3486e-02   4.1112e-02   3.0750e-02   4.0358e-02   3.7401e-02   3.3055e-02   4.4178e-02   4.0153e-02   3.0355e-02   4.6583e-02   3.6344e-02   3.0059e-02   2.3717e-02   2.9319e-02   2.9958e-02   2.6451e-02   2.7151e-02   2.1144e-02   2.8100e-02   3.8575e-02   3.5516e-02   6.1319e-02  -9.9900e+02  -9.9900e+02   7.7529e-02   4.6120e-02   4.0220e-02   3.6514e-02   2.3920e-02   5.7462e-02   7.1641e-02   5.1416e-02  -9.9900e+02   7.0855e-02   5.4326e-02   6.7145e-02  -9.9900e+02   1.1512e-01   1.0844e-01   1.4716e-01   1.0404e-01 
  2.7295e-02   2.6514e-02   2.0756e-02   3.0370e-02   2.6453e-02   3.0616e-02   2.9068e-02   3.6265e-02   2.9744e-02   2.4903e-02   3.0785e-02   4.1162e-02   3.1304e-02   3.9499e-02   3.8226e-02   3.2846e-02   4.1674e-02   3.8298e-02   3.0315e-02   4.5361e-02   3.4831e-02   2.9900e-02   2.2311e-02   2.7611e-02   3.2532e-02   2.5896e-02   2.7771e-02   2.1165e-02   2.8348e-02   3.6489e-02   3.5887e-02   6.6926e-02  -9.9900e+02  -9.9900e+02   7.6196e-02   4.5724e-02   3.8210e-02   3.5941e-02   2.3916e-02   7.0519e-02   8.2974e-02   5.0524e-02  -9.9900e+02   8.2700e-02   6.0436e-02   7.1264e-02  -9.9900e+02   1.0788e-01   1.0627e-01   1.4293e-01   1.1042e-01 
  2.7854e-02   2.7728e-02   2.0684e-02   2.8768e-02   2.6808e-02   3.1002e-02   2.9101e-02   3.4291e-02   2.7759e-02   2.4780e-02   2.8805e-02   3.9726e-02   3.0086e-02   3.8706e-02   3.7117e-02   3.3136e-02   4.2099e-02   3.6482e-02   2.9274e-02   4.3060e-02   3.6264e-02   3.1137e-02   2.2421e-02   2.6618e-02   3.1192e-02   2.5277e-02   2.4346e-02   2.0648e-02   2.8887e-02   3.6369e-02   3.5376e-02   6.6537e-02  -9.9900e+02  -9.9900e+02   6.9648e-02   4.3614e-02   3.7399e-02   3.7524e-02   2.3070e-02   6.6539e-02   8.0708e-02   5.1736e-02  -9.9900e+02   8.7687e-02   7.5075e-02   1.0065e-01  -9.9900e+02   9.8506e-02   9.5984e-02   1.2554e-01   1.0494e-01 
  2.4609e-02   2.5126e-02   1.8900e-02   2.9253e-02   2.4417e-02   3.0663e-02   3.1164e-02   3.5654e-02   2.8457e-02   2.7349e-02   2.9250e-02   3.8970e-02   3.0124e-02   3.7931e-02   3.7617e-02   3.3396e-02   4.4759e-02   3.6034e-02   2.7748e-02   4.1023e-02   3.5335e-02   3.0194e-02   2.4482e-02   2.8874e-02   2.9937e-02   2.6917e-02   2.6332e-02   2.0128e-02   2.6374e-02   3.6621e-02   3.3552e-02   5.9034e-02  -9.9900e+02  -9.9900e+02   8.1303e-02   5.2383e-02   3.6596e-02   3.6469e-02   2.3205e-02   6.4830e-02   8.0342e-02   5.2460e-02  -9.9900e+02   9.3382e-02   7.8724e-02   1.0453e-01  -9.9900e+02   1.0103e-01   9.6552e-02   1.2434e-01   9.6434e-02 
  2.4048e-02   2.4836e-02   2.0443e-02   3.0897e-02   2.3388e-02   2.9050e-02   2.9610e-02   3.4880e-02   2.9211e-02   2.9763e-02   2.9964e-02   3.7995e-02   2.9427e-02   3.7717e-02   3.6615e-02   3.2486e-02   4.2205e-02   3.5982e-02   2.6821e-02   4.1399e-02   3.2568e-02   2.8088e-02   2.5293e-02   2.7474e-02   2.8658e-02   2.9136e-02   2.8743e-02   1.8985e-02   2.6405e-02   3.6837e-02   3.4365e-02   6.1117e-02  -9.9900e+02  -9.9900e+02   7.7238e-02   4.9743e-02   3.5328e-02   3.4808e-02   2.3442e-02   6.8649e-02   8.3709e-02   5.0592e-02  -9.9900e+02   9.3825e-02   6.8058e-02   7.9600e-02  -9.9900e+02   1.0199e-01   9.8902e-02   1.2897e-01   8.5345e-02 
  2.3910e-02   2.5247e-02   2.0806e-02   3.1813e-02   2.4028e-02   3.0468e-02   2.6646e-02   3.2217e-02   2.7381e-02   2.6667e-02   2.8345e-02   3.6141e-02   2.8454e-02   3.8016e-02   3.4951e-02   3.1133e-02   3.8160e-02   3.5897e-02   2.7892e-02   4.1285e-02   3.5494e-02   2.4044e-02   2.2018e-02   2.4407e-02   2.6601e-02   3.1166e-02   2.6616e-02   1.8512e-02   2.6505e-02   3.6761e-02   3.4953e-02   6.6420e-02  -9.9900e+02  -9.9900e+02   6.6992e-02   4.3901e-02   3.7097e-02   3.2968e-02   2.3439e-02   6.7969e-02   8.2724e-02   4.8974e-02  -9.9900e+02   7.5346e-02   6.5753e-02   8.9146e-02  -9.9900e+02   9.7419e-02   9.6646e-02   1.2478e-01   8.6806e-02 
  2.3197e-02   2.4177e-02   1.8451e-02   3.3302e-02   2.3869e-02   2.8335e-02   2.5081e-02   3.1727e-02   2.6991e-02   2.5802e-02   2.7123e-02   3.5074e-02   2.9570e-02   3.4676e-02   3.4717e-02   2.9277e-02   3.8747e-02   3.6453e-02   2.7336e-02   3.9770e-02   3.4759e-02   2.4980e-02   2.0081e-02   2.5106e-02   2.5274e-02   2.8207e-02   2.2741e-02   1.8770e-02   2.5908e-02   3.7035e-02   3.2993e-02   6.1270e-02  -9.9900e+02  -9.9900e+02   7.0022e-02   4.5394e-02   3.5019e-02   3.3672e-02   2.3774e-02   6.2049e-02   8.2369e-02   5.1145e-02  -9.9900e+02   6.1550e-02   6.9230e-02   1.0399e-01  -9.9900e+02   1.0373e-01   9.7365e-02   1.2347e-01   7.9025e-02 
  2.2675e-02   2.3182e-02   1.8319e-02   2.7645e-02   2.1999e-02   2.6424e-02   2.7010e-02   3.4532e-02   2.7210e-02   2.6136e-02   2.6531e-02   3.4909e-02   2.9789e-02   3.2535e-02   3.3601e-02   2.6893e-02   3.9519e-02   3.5183e-02   2.6458e-02   3.9424e-02   2.9224e-02   2.6363e-02   1.9294e-02   2.2245e-02   2.7771e-02   2.4786e-02   2.1546e-02   1.8164e-02   2.5279e-02   3.5029e-02   3.3938e-02   7.3444e-02  -9.9900e+02  -9.9900e+02   6.7707e-02   4.3607e-02   3.5430e-02   3.7666e-02   2.3168e-02   6.6177e-02   9.1003e-02   5.5211e-02  -9.9900e+02   7.0004e-02   6.1407e-02   8.3497e-02  -9.9900e+02   1.0668e-01   9.6949e-02   1.2168e-01   7.4805e-02 
  2.1737e-02   2.2001e-02   1.8133e-02   2.5873e-02   2.2459e-02   2.6455e-02   2.6861e-02   3.4528e-02   2.4455e-02   2.2969e-02   2.9192e-02   3.5984e-02   2.8628e-02   3.1145e-02   3.0572e-02   2.7105e-02   3.9551e-02   3.4638e-02   2.7878e-02   3.9103e-02   2.9230e-02   2.6795e-02   1.9708e-02   2.2910e-02   2.7709e-02   2.7563e-02   2.0618e-02   1.8010e-02   2.5418e-02   3.6274e-02   3.4221e-02   7.4265e-02  -9.9900e+02  -9.9900e+02   7.0561e-02   4.4429e-02   3.6856e-02   3.5920e-02   2.3273e-02   7.0000e-02   8.5214e-02   5.3571e-02  -9.9900e+02   8.3118e-02   6.0390e-02   7.0759e-02  -9.9900e+02   8.8898e-02   8.6037e-02   1.1598e-01   8.5194e-02 
  2.0689e-02   2.2004e-02   1.7898e-02   2.5347e-02   2.2333e-02   2.7153e-02   2.5223e-02   3.4010e-02   2.5628e-02   2.3580e-02   3.0156e-02   3.4051e-02   2.8525e-02   3.0881e-02   2.8526e-02   2.6916e-02   4.0300e-02   3.5060e-02   2.7539e-02   3.5920e-02   2.9556e-02   2.3665e-02   1.9847e-02   2.4625e-02   2.8921e-02   2.8403e-02   2.0449e-02   1.7765e-02   2.4782e-02   3.5433e-02   3.2425e-02   6.7913e-02  -9.9900e+02  -9.9900e+02   7.4195e-02   4.5946e-02   3.4311e-02   3.2756e-02   2.3167e-02   6.3596e-02   8.1923e-02   5.1152e-02  -9.9900e+02   7.4238e-02   6.9648e-02   9.7997e-02  -9.9900e+02   8.7352e-02   8.0998e-02   1.0889e-01   9.3794e-02 
  2.0665e-02   2.1591e-02   1.7615e-02   2.6107e-02   2.1072e-02   2.7234e-02   2.8323e-02   3.2941e-02   2.6582e-02   2.3936e-02   2.5519e-02   3.1553e-02   2.7360e-02   3.4981e-02   2.8606e-02   2.7861e-02   4.2109e-02   3.4682e-02   2.5194e-02   3.5805e-02   2.7778e-02   2.7169e-02   2.0488e-02   2.2885e-02   2.4903e-02   2.3455e-02   1.9233e-02   1.6711e-02   2.2887e-02   3.0284e-02   3.0681e-02   6.7182e-02  -9.9900e+02  -9.9900e+02   7.0893e-02   4.4310e-02   3.3040e-02   3.2668e-02   2.3570e-02   6.2216e-02   8.5458e-02   5.2095e-02  -9.9900e+02   8.1826e-02   7.2520e-02   9.9171e-02  -9.9900e+02   8.6036e-02   8.6009e-02   1.2505e-01   9.7087e-02 
  2.0392e-02   2.0707e-02   1.7007e-02   2.5491e-02   1.9551e-02   2.5240e-02   2.6136e-02   3.0105e-02   2.3481e-02   2.1658e-02   2.3614e-02   2.9774e-02   2.6762e-02   3.5629e-02   3.0656e-02   2.8854e-02   3.8927e-02   3.4580e-02   2.4783e-02   3.6220e-02   2.6065e-02   2.8551e-02   2.0449e-02   2.1487e-02   2.3080e-02   2.1709e-02   2.1991e-02   1.6419e-02   2.3892e-02   3.0426e-02   2.9427e-02   5.4698e-02  -9.9900e+02  -9.9900e+02   6.1632e-02   4.5924e-02   3.3035e-02   3.4488e-02   2.3533e-02   5.8928e-02   7.4203e-02   4.8030e-02  -9.9900e+02   7.4896e-02   6.2610e-02   8.2677e-02  -9.9900e+02   7.6258e-02   7.7861e-02   1.0999e-01   9.3418e-02 
  2.0981e-02   2.1150e-02   1.8719e-02   2.3657e-02   1.9450e-02   2.4327e-02   2.5423e-02   3.5506e-02   2.4570e-02   2.0535e-02   2.5089e-02   3.0371e-02   2.4042e-02   3.1980e-02   3.4933e-02   2.6164e-02   3.4320e-02   3.2102e-02   2.4336e-02   3.5235e-02   2.7312e-02   2.2676e-02   2.0496e-02   2.2539e-02   2.9706e-02   2.1328e-02   2.2597e-02   1.7087e-02   2.2953e-02   3.1997e-02   2.9869e-02   5.7408e-02  -9.9900e+02  -9.9900e+02   6.0972e-02   4.4535e-02   3.2115e-02   3.5747e-02   2.3290e-02   6.0288e-02   7.9219e-02   4.6864e-02  -9.9900e+02   6.2074e-02   6.6172e-02   9.7808e-02  -9.9900e+02   7.3681e-02   8.0396e-02   1.0219e-01   8.0494e-02 
  2.0442e-02   2.2535e-02   2.0818e-02   2.4289e-02   1.9311e-02   2.5246e-02   2.5700e-02   3.3656e-02   2.3355e-02   1.9970e-02   2.5222e-02   3.1541e-02   2.3497e-02   2.9947e-02   3.2975e-02   2.4635e-02   3.3731e-02   3.0014e-02   2.3026e-02   3.4395e-02   2.6712e-02   2.5417e-02   2.1225e-02   2.7247e-02   2.9994e-02   2.0343e-02   2.2139e-02   1.8751e-02   2.2964e-02   3.0505e-02   2.9002e-02   5.9167e-02  -9.9900e+02  -9.9900e+02   6.4063e-02   4.0706e-02   3.2352e-02   3.8166e-02   2.3592e-02   6.7622e-02   8.8915e-02   4.7496e-02  -9.9900e+02   6.3866e-02   5.9626e-02   8.3705e-02  -9.9900e+02   8.6407e-02   8.3456e-02   1.1185e-01   7.4783e-02 
  2.0007e-02   2.1203e-02   1.8903e-02   2.2197e-02   1.8813e-02   2.3770e-02   2.5551e-02   2.9835e-02   2.1249e-02   1.9489e-02   2.6971e-02   3.0157e-02   2.3277e-02   2.9400e-02   3.0460e-02   2.3742e-02   3.6432e-02   2.9424e-02   2.4214e-02   3.3908e-02   2.7202e-02   2.7696e-02   2.0672e-02   2.5730e-02   2.6747e-02   1.8793e-02   1.9670e-02   1.7847e-02   2.1651e-02   2.9971e-02   2.7624e-02   6.0866e-02  -9.9900e+02  -9.9900e+02   5.6509e-02   4.3374e-02   3.6923e-02   3.7436e-02   2.4473e-02   7.0219e-02   8.5679e-02   4.6788e-02  -9.9900e+02   6.0225e-02   5.3224e-02   7.2670e-02  -9.9900e+02   9.0625e-02   7.9822e-02   9.3588e-02   1.1413e-01 
  1.9738e-02   1.8436e-02   1.7538e-02   2.3081e-02   1.8839e-02   2.1087e-02   2.4366e-02   2.6658e-02   2.2305e-02   2.0927e-02   2.6882e-02   3.1129e-02   2.3579e-02   2.8780e-02   2.8828e-02   2.5759e-02   3.8883e-02   3.0184e-02   2.5286e-02   3.2212e-02   2.7576e-02   2.6087e-02   2.0152e-02   2.4954e-02   3.3126e-02   1.9155e-02   1.9409e-02   1.5994e-02   2.0179e-02   2.9786e-02   2.6871e-02   5.8114e-02  -9.9900e+02  -9.9900e+02   4.7763e-02   4.6193e-02   3.5167e-02   3.3298e-02   2.4646e-02   6.7576e-02   8.1015e-02   4.4673e-02  -9.9900e+02   6.2568e-02   5.5958e-02   7.6898e-02  -9.9900e+02   6.8403e-02   6.9362e-02   8.9698e-02   1.0030e-01 
  1.9585e-02   2.0813e-02   2.0445e-02   2.4308e-02   1.8994e-02   2.2783e-02   2.1597e-02   2.6442e-02   2.6775e-02   2.0691e-02   2.0888e-02   3.1523e-02   2.5062e-02   2.6291e-02   2.5083e-02   2.5135e-02   3.5876e-02   3.0314e-02   2.2463e-02   3.1854e-02   2.3930e-02   2.4128e-02   2.0094e-02   2.3302e-02   3.2165e-02   2.1899e-02   1.9077e-02   1.5134e-02   2.0294e-02   2.9034e-02   2.6742e-02   4.9206e-02  -9.9900e+02  -9.9900e+02   5.1626e-02   4.3889e-02   3.2653e-02   3.0380e-02   2.3291e-02   6.3595e-02   7.8598e-02   4.4319e-02  -9.9900e+02   6.1367e-02   6.3207e-02   9.2347e-02  -9.9900e+02   6.2544e-02   7.5663e-02   9.1148e-02   7.1773e-02 
  2.0153e-02   2.0804e-02   1.8582e-02   2.5699e-02   2.0615e-02   2.2294e-02   2.3146e-02   2.6959e-02   2.8791e-02   1.7645e-02   2.0169e-02   3.3986e-02   2.8462e-02   2.5672e-02   2.5508e-02   2.2600e-02   3.3922e-02   2.6490e-02   2.2617e-02   3.3264e-02   2.5781e-02   2.0037e-02   1.9878e-02   3.0138e-02   2.4440e-02   2.1167e-02   1.8271e-02   1.4587e-02   2.1362e-02   2.9955e-02   2.7550e-02   5.4133e-02  -9.9900e+02  -9.9900e+02   5.4166e-02   3.9579e-02   3.2511e-02   3.0079e-02   2.2311e-02   6.7047e-02   8.2746e-02   4.7400e-02  -9.9900e+02   6.0940e-02   5.9428e-02   8.5035e-02  -9.9900e+02   7.3343e-02   8.2610e-02   1.0468e-01   9.8473e-02 
  1.8869e-02   1.8161e-02   1.5236e-02   2.6833e-02   1.9343e-02   2.0850e-02   2.5077e-02   2.9510e-02   2.4805e-02   1.7318e-02   2.3400e-02   3.0901e-02   2.5911e-02   3.4120e-02   3.0115e-02   2.0768e-02   3.4428e-02   2.6689e-02   2.4957e-02   3.2242e-02   2.7733e-02   2.2777e-02   1.8027e-02   2.9447e-02   1.9003e-02   1.9192e-02   1.9970e-02   1.4076e-02   2.0484e-02   3.0344e-02   2.6140e-02   5.3891e-02  -9.9900e+02  -9.9900e+02   5.0412e-02   3.5202e-02   2.9066e-02   3.2257e-02   2.4087e-02   7.0520e-02   9.0689e-02   4.9664e-02  -9.9900e+02   6.3487e-02   5.3563e-02   7.1152e-02  -9.9900e+02   6.7896e-02   7.3401e-02   1.2002e-01   8.6925e-02 
  1.9677e-02   1.8447e-02   1.4603e-02   2.9059e-02   1.9085e-02   2.1952e-02   2.2492e-02   3.2220e-02   2.3632e-02   2.1144e-02   2.2044e-02   2.5981e-02   2.1754e-02   3.3433e-02   2.7059e-02   2.0779e-02   2.9661e-02   2.7110e-02   2.0625e-02   2.8038e-02   2.3462e-02   2.1702e-02   1.5720e-02   2.3391e-02   2.0506e-02   2.1011e-02   1.6896e-02   1.3791e-02   2.0626e-02   3.0055e-02   2.5970e-02   5.1289e-02  -9.9900e+02  -9.9900e+02   4.3642e-02   3.7455e-02   2.9318e-02   3.3079e-02   2.4143e-02   6.9062e-02   8.9155e-02   4.7473e-02  -9.9900e+02   6.2822e-02   6.0132e-02   8.5367e-02  -9.9900e+02   7.0114e-02   6.6306e-02   9.3426e-02   5.7355e-02 
  1.8521e-02   1.8579e-02   1.5738e-02   2.4672e-02   1.8417e-02   2.0936e-02   2.0868e-02   2.5889e-02   2.2259e-02   2.1071e-02   2.0050e-02   2.5609e-02   2.0334e-02   2.5771e-02   2.4300e-02   2.1485e-02   2.7698e-02   2.6497e-02   1.9443e-02   2.8311e-02   2.4353e-02   1.8608e-02   1.4939e-02   2.0950e-02   2.2659e-02   1.9556e-02   1.3336e-02   1.2360e-02   2.1227e-02   2.8352e-02   2.8170e-02   5.9446e-02  -9.9900e+02  -9.9900e+02   4.4186e-02   3.7832e-02   3.0491e-02   3.2295e-02   2.3876e-02   6.7285e-02   7.8605e-02   4.1887e-02  -9.9900e+02   5.5567e-02   5.5968e-02   8.1107e-02  -9.9900e+02   7.0069e-02   7.5388e-02   9.6478e-02   5.6133e-02 
  1.5495e-02   1.7855e-02   1.6693e-02   2.2078e-02   1.8078e-02   2.1118e-02   2.4772e-02   2.4822e-02   2.1045e-02   1.9087e-02   2.6830e-02   2.6249e-02   2.3531e-02   3.3751e-02   3.2278e-02   2.7714e-02   4.2730e-02   2.6146e-02   2.1676e-02   3.0281e-02   2.7573e-02   1.9888e-02   1.6732e-02   2.4667e-02   2.0851e-02   1.6523e-02   1.3619e-02   1.2800e-02   1.9834e-02   2.7191e-02   2.6698e-02   5.9287e-02  -9.9900e+02  -9.9900e+02   4.9922e-02   3.5279e-02   3.1391e-02   3.3743e-02   2.4342e-02   6.8011e-02   8.2342e-02   4.8060e-02  -9.9900e+02   5.0244e-02   5.2172e-02   7.6441e-02  -9.9900e+02   6.3183e-02   7.4497e-02   1.0994e-01   4.4150e-02 
  1.7401e-02   1.8074e-02   1.9752e-02   2.2290e-02   1.6822e-02   2.3280e-02   2.2535e-02   2.1596e-02   1.9928e-02   1.9199e-02   2.3415e-02   2.6258e-02   2.2001e-02   3.4439e-02   3.4428e-02   2.6977e-02   3.5215e-02   2.2829e-02   2.1554e-02   2.9502e-02   2.7368e-02   2.0208e-02   1.6405e-02   2.4584e-02   1.9538e-02   1.7981e-02   1.6968e-02   1.4526e-02   2.0728e-02   3.0000e-02   2.5519e-02   5.8000e-02  -9.9900e+02  -9.9900e+02   5.5152e-02   3.5855e-02   2.9221e-02   3.3811e-02   2.4826e-02   6.8668e-02   8.8891e-02   5.1465e-02  -9.9900e+02   5.1890e-02   5.4604e-02   8.0368e-02  -9.9900e+02   6.5369e-02   6.1159e-02   8.6465e-02   5.1762e-02 
  1.8029e-02   1.7715e-02   2.0177e-02   2.4987e-02   1.7135e-02   1.9571e-02   1.8637e-02   2.0857e-02   3.6053e-02   1.8899e-02   1.7102e-02   2.5558e-02   2.5216e-02   2.6991e-02   3.1798e-02   2.2009e-02   2.6358e-02   2.2110e-02   2.1938e-02   2.8218e-02   2.2794e-02   2.1210e-02   1.5167e-02   1.7615e-02   1.9440e-02   1.6171e-02   2.0702e-02   1.3253e-02   1.9814e-02   3.2961e-02   2.8014e-02   5.3985e-02  -9.9900e+02  -9.9900e+02   5.4191e-02   3.5763e-02   2.7576e-02   3.7470e-02   2.6156e-02   6.6947e-02   7.9561e-02   4.7763e-02  -9.9900e+02   5.8852e-02   5.6843e-02   8.1011e-02  -9.9900e+02   6.3959e-02   5.9613e-02   9.2823e-02   6.7622e-02 
  1.8810e-02   1.5210e-02   1.4534e-02   3.4078e-02   2.0269e-02   1.9015e-02   2.2485e-02   2.2662e-02   4.1693e-02   2.2211e-02   1.5039e-02   2.2281e-02   2.4830e-02   2.4135e-02   2.4659e-02   2.1168e-02   2.8470e-02   2.1880e-02   2.0910e-02   2.8483e-02   2.3881e-02   2.2051e-02   1.6072e-02   2.1240e-02   2.5731e-02   1.7293e-02   1.8392e-02   1.2951e-02   1.9858e-02   2.8379e-02   2.9469e-02   5.3031e-02  -9.9900e+02  -9.9900e+02   5.3391e-02   4.0149e-02   2.8194e-02   3.5880e-02   2.5292e-02   7.7440e-02   8.0701e-02   4.7396e-02  -9.9900e+02   6.6502e-02   6.1845e-02   8.6663e-02  -9.9900e+02   7.9595e-02   7.4560e-02   1.0465e-01   7.4261e-02 
  1.8362e-02   1.6971e-02   1.3735e-02   3.3506e-02   1.8140e-02   2.0767e-02   2.4529e-02   2.2655e-02   2.1747e-02   1.7746e-02   1.6409e-02   2.5182e-02   1.9526e-02   2.3194e-02   2.4728e-02   2.0273e-02   2.6855e-02   2.5309e-02   2.1640e-02   2.6830e-02   2.4325e-02   2.2585e-02   1.5775e-02   2.4723e-02   1.8609e-02   1.5600e-02   1.3296e-02   1.3603e-02   2.0809e-02   2.9701e-02   3.0316e-02   6.5164e-02  -9.9900e+02  -9.9900e+02   4.8572e-02   3.7855e-02   3.0708e-02   3.3385e-02   2.3944e-02   6.8766e-02   9.0056e-02   5.2647e-02  -9.9900e+02   1.0314e-01   6.9846e-02   7.4696e-02  -9.9900e+02   7.1669e-02   7.0693e-02   9.2939e-02   7.6241e-02 
  1.9488e-02   1.8913e-02   1.5803e-02   2.4348e-02   1.5489e-02   2.1637e-02   2.1468e-02   2.0416e-02   1.7829e-02   1.7967e-02   1.8906e-02   2.8501e-02   2.5266e-02   2.5359e-02   2.1285e-02   1.9278e-02   2.6310e-02   2.5554e-02   2.1652e-02   2.9566e-02   1.9725e-02   1.5979e-02   1.6330e-02   1.8966e-02   2.0900e-02   1.7265e-02   1.1054e-02   1.2522e-02   2.1500e-02   3.5507e-02   2.7878e-02   5.8874e-02  -9.9900e+02  -9.9900e+02   5.0717e-02   4.0221e-02   3.1754e-02   3.2861e-02   2.3847e-02   7.7428e+00   1.5541e+01   5.5651e-02  -9.9900e+02   1.1097e-01   7.3773e-02   7.6605e-02  -9.9900e+02   6.9408e-02   7.6076e-02   1.0587e-01   6.2289e-02 
  1.9982e-02   1.6958e-02   1.6310e-02   2.5450e-02   1.8319e-02   2.1706e-02   2.2234e-02   2.0426e-02   1.7688e-02   2.0153e-02   1.8879e-02   2.4329e-02   2.5789e-02   2.7254e-02   2.2966e-02   2.0751e-02   3.2303e-02   2.2231e-02   1.7650e-02   2.9292e-02   1.7672e-02   1.8373e-02   1.6250e-02   1.9111e-02   2.4282e-02   1.7600e-02   1.5536e-02   1.3590e-02   2.1529e-02   3.4688e-02   2.6675e-02   6.2251e-02  -9.9900e+02  -9.9900e+02   6.2680e-02   4.3470e-02   3.2539e-02   3.3998e-02   2.3509e-02   7.6685e+00   1.5391e+01   5.2577e-02  -9.9900e+02   6.6913e-02   5.7910e-02   7.8135e-02  -9.9900e+02   4.9120e-02   7.7003e-02   1.0907e-01   5.0504e-02 
  1.6471e-02   1.5800e-02   1.7110e-02   3.3698e-02   2.0161e-02   1.6435e-02   2.1106e-02   2.5289e-02   1.6260e-02   1.6625e-02   1.8449e-02   2.2600e-02   2.1135e-02   3.0284e-02   2.4196e-02   2.2649e-02   3.1999e-02   2.0560e-02   2.0967e-02   2.9633e-02   1.9898e-02   1.7850e-02   1.6451e-02   2.3880e-02   1.8618e-02   1.4999e-02   1.5564e-02   1.3984e-02   1.9855e-02   3.2574e-02   2.5543e-02   5.2468e-02  -9.9900e+02  -9.9900e+02   5.4545e-02   3.7663e-02   2.9364e-02   3.1614e-02   2.2992e-02   8.6787e-02   1.0221e-01   4.5442e-02  -9.9900e+02   5.6921e-02   5.6444e-02   8.1308e-02  -9.9900e+02   1.1093e-01   7.7456e-02   8.7887e-02   5.3260e-02 
  1.5908e-02   1.7171e-02   1.5579e-02   3.3344e-02   1.9428e-02   2.0361e-02   2.1059e-02   2.7746e-02   1.5124e-02   1.6479e-02   2.2252e-02   2.0379e-02   1.8205e-02   2.8072e-02   2.1125e-02   2.1587e-02   2.6317e-02   1.8810e-02   2.0072e-02   3.4056e-02   2.5088e-02   2.3208e-02   1.7935e-02   2.7337e-02   2.6643e-02   1.9803e-02   1.7923e-02   1.3045e-02   2.2483e-02   3.3256e-02   2.5558e-02   5.9037e-02  -9.9900e+02  -9.9900e+02   5.1966e-02   3.7598e-02   2.8819e-02   3.0929e-02   2.3715e-02   8.3579e-02   9.5672e-02   4.4963e-02  -9.9900e+02   6.3787e-02   6.6517e-02   9.7602e-02  -9.9900e+02   1.1959e-01   9.6797e-02   1.1490e-01   6.9364e-02 
  1.4833e-02   1.7084e-02   1.4862e-02   2.6834e-02   1.9526e-02   2.2235e-02   2.3008e-02   3.1605e-02   1.5837e-02   1.7592e-02   1.8631e-02   2.1750e-02   3.7164e-02   2.4979e-02   2.3379e-02   1.7438e-02   2.3399e-02   1.9239e-02   1.9452e-02   4.8774e-02   2.9173e-02   2.7564e-02   1.9275e-02   2.9190e-02   2.5535e-02   1.6757e-02   1.5728e-02   1.2529e-02   2.4245e-02   4.3651e-02   3.8701e-02   6.8853e-02  -9.9900e+02  -9.9900e+02   5.4475e-02   3.6494e-02   2.8584e-02   3.4098e-02   2.4262e-02   7.0529e-02   9.5434e-02   4.7344e-02  -9.9900e+02   6.3771e-02   5.8519e-02   8.1477e-02  -9.9900e+02   7.3564e-02   7.1449e-02   8.1892e-02   7.7758e-02 
  1.4178e-02   1.4450e-02   1.6642e-02   2.9045e-02   1.9229e-02   1.9734e-02   1.7756e-02   1.8791e-02   2.1441e-02   2.0444e-02   1.5067e-02   2.0176e-02   3.0048e-02   2.6180e-02   2.3460e-02   1.3682e-02   2.5098e-02   2.3927e-02   1.9103e-02   3.4768e-02   2.6019e-02   2.0393e-02   1.9387e-02   2.8891e-02   2.6277e-02   1.4769e-02   1.7529e-02   1.2428e-02   1.9524e-02   4.6696e-02   3.4041e-02   5.6914e-02  -9.9900e+02  -9.9900e+02   6.1863e-02   3.8819e-02   2.7781e-02   3.5235e-02   2.4922e-02   7.3095e-02   8.9930e-02   4.1663e-02  -9.9900e+02   7.2630e-02   4.9466e-02   5.3359e-02  -9.9900e+02   1.3389e-01   1.3389e-01   1.3389e-01   7.2642e-02 
  1.6197e-02   1.5288e-02   1.7135e-02   2.8966e-02   2.1721e-02   1.9731e-02   1.8436e-02   1.7893e-02   1.8805e-02   1.9805e-02   1.7165e-02   2.5368e-02   1.7256e-02   2.6463e-02   2.1707e-02   1.9016e-02   2.8927e-02   2.9825e-02   1.9207e-02   2.6752e-02   2.2517e-02   2.0626e-02   1.9656e-02   2.0915e-02   2.4541e-02   1.5577e-02   1.4457e-02   1.2514e-02   1.8719e-02   3.2590e-02   2.5927e-02   5.6022e-02  -9.9900e+02  -9.9900e+02   6.9634e-02   4.3631e-02   2.7319e-02   3.4264e-02   2.4432e-02   6.4942e-02   7.5478e-02   4.5522e-02  -9.9900e+02   7.4123e-02   6.3674e-02   8.5534e-02  -9.9900e+02   1.6121e-01   1.0247e-01   8.6786e-02   5.9363e-02 
  1.5564e-02   1.7347e-02   1.9644e-02   2.6287e-02   1.7215e-02   1.5917e-02   1.9820e-02   1.8199e-02   1.4480e-02   1.7239e-02   2.2362e-02   2.2190e-02   1.6645e-02   2.2804e-02   2.4323e-02   2.2905e-02   2.7483e-02   2.8180e-02   2.3367e-02   2.7188e-02   2.6767e-02   2.7704e-02   1.7173e-02   1.6444e-02   2.4777e-02   1.7039e-02   1.3103e-02   1.3902e-02   1.7852e-02   2.9508e-02   3.2513e-02   5.8740e-02  -9.9900e+02  -9.9900e+02   6.3194e-02   5.3679e-02   2.9528e-02   3.5575e-02   2.4133e-02   6.3400e-02   8.0186e-02   4.8317e-02  -9.9900e+02   6.2270e-02   1.1737e-01   1.9156e-01  -9.9900e+02   1.0979e-01   8.8065e-02   9.2610e-02   9.0556e-02 
  2.2800e-02   1.9786e-02   1.9040e-02   2.8249e-02   1.7993e-02   2.1876e-02   1.8745e-02   1.9623e-02   1.6002e-02   1.4755e-02   2.3886e-02   2.3375e-02   1.9587e-02   2.5105e-02   2.5694e-02   2.4739e-02   2.6039e-02   2.4539e-02   2.3070e-02   3.3425e-02   2.9215e-02   1.8994e-02   1.5560e-02   2.2744e-02   3.1604e-02   1.4368e-02   1.8353e-02   1.2135e-02   1.6746e-02   3.2076e-02   3.2887e-02   6.7347e-02  -9.9900e+02  -9.9900e+02   5.1349e-02   4.6391e-02   2.7560e-02   4.1559e-02   2.4868e-02   6.5312e-02   8.7058e-02   4.6709e-02  -9.9900e+02   6.0674e-02   1.0151e-01   1.6378e-01  -9.9900e+02   1.1684e-01   9.2020e-02   1.1289e-01   8.2926e-02 
  2.3515e-02   1.7580e-02   1.6164e-02   3.2384e-02   1.8961e-02   2.1070e-02   2.4126e-02   2.2112e-02   1.6101e-02   1.2958e-02   1.5973e-02   3.8406e-02   3.4775e-02   2.5266e-02   3.1868e-02   2.4450e-02   2.6786e-02   2.4739e-02   2.2195e-02   2.6048e-02   2.6902e-02   1.6414e-02   1.7320e-02   5.8639e-02   2.7874e-02   2.4167e-02   1.3265e-02   1.2480e-02   2.0098e-02   3.4236e-02   5.2273e-02   1.3319e-01  -9.9900e+02  -9.9900e+02   5.8258e-02   5.4847e-02   4.5817e-02   4.0530e-02   2.4767e-02   5.6584e+00   1.1357e+01   5.3654e-02  -9.9900e+02   7.7907e-02   7.1864e-02   1.0031e-01  -9.9900e+02   6.3562e-02   5.9639e-02   9.5699e-02  -9.9900e+02 
  1.9863e-02   1.7872e-02   1.7894e-02   2.4631e-02   1.4703e-02   1.7663e-02   1.9015e-02   2.5613e-02   2.5391e-02   2.1913e-02   1.6456e-02   4.6409e-02   3.0390e-02   2.0600e-02   2.4053e-02   1.9709e-02   3.0299e-02   2.8234e-02   2.4862e-02   2.4415e-02   3.1094e-02   3.4179e-02   1.4256e-02   3.7292e-02   1.7337e-02   2.4005e-02   1.2641e-02   1.4381e-02   2.3548e-02   3.2149e-02   3.8289e-02   1.2977e-01  -9.9900e+02  -9.9900e+02   6.6206e-02   5.0983e-02   4.0953e-02   3.5439e-02   2.4927e-02   8.2978e+00   1.6654e+01   5.7633e-02  -9.9900e+02   7.2730e-02   6.1496e-02   8.1804e-02  -9.9900e+02   6.9692e-02   5.7588e-02   8.8597e-02   9.3905e-02 
  1.6716e-02   1.6777e-02   1.6971e-02   2.0869e-02   2.1770e-02   1.7992e-02   2.1192e-02   2.4153e-02   1.9724e-02   2.9503e-02   2.3392e-02   1.8356e-02   2.2974e-02   2.3510e-02   1.6144e-02   1.7136e-02   2.4959e-02   2.9465e-02   2.8674e-02   2.5922e-02   2.3593e-02   1.3434e-02   1.5135e-02   1.5520e-02   1.9097e-02   1.8477e-02   1.4824e-02   1.5252e-02   2.3064e-02   3.8992e-02   7.1955e-02   1.6350e-01  -9.9900e+02  -9.9900e+02   5.3753e-02   4.1005e-02   3.2704e-02   3.8275e-02   2.4571e-02   6.7292e-02   9.5717e-02   5.0374e-02  -9.9900e+02   6.5380e-02   6.2808e-02   8.9305e-02  -9.9900e+02   6.1341e-02   6.2661e-02   7.5138e-02   7.8985e-02 
  1.4477e-02   1.4840e-02   1.6284e-02   2.5037e-02   3.0640e-02   2.4828e-02   2.2532e-02   2.1541e-02   1.5306e-02   2.4272e-02   2.7343e-02   2.7352e-02   2.3551e-02   3.7351e-02   2.4523e-02   2.2557e-02   2.4912e-02   3.0746e-02   2.5532e-02   2.8716e-02   2.4314e-02   1.9506e-02   1.2402e-02   2.3813e-02   2.0970e-02   1.5610e-02   1.6641e-02   1.5776e-02   2.1078e-02   4.3540e-02   5.6049e-02   1.2440e-01  -9.9900e+02  -9.9900e+02   5.5617e-02   4.1267e-02   3.2227e-02   3.8290e-02   2.3883e-02   6.7868e-02   9.6260e-02   4.7833e-02  -9.9900e+02   8.9159e-02   7.3859e-02   9.6942e-02  -9.9900e+02   9.2518e-02   7.3228e-02   7.2105e-02   7.8459e-02 
  1.6899e-02   1.5071e-02   1.8707e-02   2.4839e-02   2.3797e-02   4.3179e-02   2.3451e-02   2.5941e-02   1.9336e-02   2.8470e-02   3.0523e-02   2.9957e-02   2.3396e-02   3.4199e-02   3.0051e-02   3.1060e-02   3.1356e-02   3.3238e-02   2.6724e-02   3.4862e-02   1.5745e-02   2.7229e-02   2.0223e-02   2.3634e-02   2.2155e-02   1.5359e-02   1.5421e-02   1.5425e-02   2.5187e-02   3.6853e-02   2.8453e-02   7.1323e-02  -9.9900e+02  -9.9900e+02   6.1524e-02   4.2052e-02   3.0384e-02   3.2279e-02   2.3552e-02   7.2892e-02   8.8954e-02   4.4505e-02  -9.9900e+02   7.5771e-02   7.0671e-02   9.9166e-02  -9.9900e+02   1.3088e-01   9.7412e-02   8.5003e-02   9.0505e-02 
  1.6456e-02   1.6367e-02   2.0060e-02   2.0324e-02   1.6470e-02   2.6507e-02   2.5582e-02   2.5802e-02   2.0148e-02   1.5882e-02   1.6702e-02   2.4392e-02   3.3849e-02   3.6239e-02   2.2534e-02   2.4281e-02   2.8098e-02   2.9541e-02   2.4810e-02   4.5104e-02   3.9832e-02   2.6020e-02   2.0934e-02   2.0321e-02   1.8005e-02   1.6576e-02   1.8853e-02   1.4219e-02   2.2402e-02   4.1410e-02   3.3288e-02   6.7219e-02  -9.9900e+02  -9.9900e+02   4.9041e-02   3.9871e-02   3.3459e-02   3.1602e-02   2.3667e-02   7.0282e-02   9.1420e-02   4.7352e-02  -9.9900e+02   7.0595e-02   6.3063e-02   8.6607e-02  -9.9900e+02   9.7677e-02   9.5479e-02   9.8300e-02   7.1023e-02 
  1.7500e-02   1.5779e-02   1.6018e-02   2.0781e-02   1.7175e-02   2.1399e-02   2.4864e-02   2.2917e-02   1.9256e-02   3.2485e-02   3.1698e-02   2.6444e-02   2.4644e-02   2.7728e-02   2.5717e-02   2.6477e-02   2.0818e-02   2.6300e-02   2.1991e-02   4.8442e-02   4.2028e-02   1.5406e-02   1.1683e-02   2.5005e-02   2.6596e-02   1.6061e-02   1.3874e-02   1.6369e-02   1.9284e-02   4.4516e-02   3.6029e-02   7.2524e-02  -9.9900e+02  -9.9900e+02   4.6377e-02   3.8584e-02   3.7834e-02   3.8892e-02   2.5809e-02   9.8788e-02   1.0140e-01   4.6925e-02  -9.9900e+02   8.3649e-02   6.1202e-02   7.2259e-02  -9.9900e+02   1.0362e-01   1.1530e-01   1.2965e-01   5.0722e-02 
  1.6754e-02   2.1116e-02   1.4727e-02   2.2142e-02   1.6557e-02   2.1735e-02   2.3910e-02   2.7107e-02   1.6556e-02   4.2623e-02   2.9815e-02   2.2106e-02   2.0105e-02   2.6652e-02   2.3207e-02   1.9423e-02   3.0296e-02   2.1634e-02   1.8473e-02   3.6080e-02   3.2848e-02   2.4432e-02   1.9080e-02   2.2651e-02   2.8966e-02   2.5203e-02   1.9374e-02   1.5318e-02   3.3393e-02   5.7126e-02   3.7900e-02   8.9232e-02  -9.9900e+02  -9.9900e+02   4.9400e-02   3.8665e-02   3.5045e-02   3.9561e-02   2.5987e-02   9.3615e-02   9.2175e-02   5.0700e-02  -9.9900e+02   6.2472e-02   5.0422e-02   6.4972e-02  -9.9900e+02   1.7489e-01   1.1921e-01   1.2561e-01  -9.9900e+02 
  1.7926e-02   2.0273e-02   1.5816e-02   1.9638e-02   1.7826e-02   2.6972e-02   2.3887e-02   3.5175e-02   2.8381e-02   2.4610e-02   2.3915e-02   3.6482e-02   3.7522e-02   2.9519e-02   4.1328e-02   3.9280e-02   3.0952e-02   2.4007e-02   2.4356e-02   4.3624e-02   2.5414e-02   2.7347e-02   2.3999e-02   2.5040e-02   2.8538e-02   2.1563e-02   1.8042e-02   1.5735e-02   3.5163e-02   4.7490e-02   5.2611e-02   9.3972e-02  -9.9900e+02  -9.9900e+02   4.8697e-02   4.2642e-02   3.6441e-02   3.7494e-02   2.3175e-02   6.4189e-02   8.2016e-02   5.0678e-02  -9.9900e+02   7.4767e-02   5.4553e-02   6.4218e-02  -9.9900e+02   1.3546e-01   8.9929e-02   8.7167e-02   9.8362e-02 
  1.6342e-02   1.4718e-02   1.4683e-02   2.1538e-02   1.7334e-02   2.8457e-02   3.2932e-02   3.2372e-02   3.6511e-02   1.5419e-02   1.4337e-02   4.5839e-02   6.4086e-02   4.4661e-02   3.7885e-02   3.1045e-02   2.0246e-02   2.5543e-02   1.6628e-02   2.1172e-02   2.2924e-02   1.9874e-02   1.8290e-02   2.0656e-02   2.4048e-02   2.9646e-02   3.0972e-02   2.1959e-02   2.2558e-02   5.2410e-02   1.1371e-01   1.1371e-01  -9.9900e+02  -9.9900e+02   5.5682e-02   4.5002e-02   3.5377e-02   3.7470e-02   2.4011e-02   6.2622e-02   9.0671e-02   4.6273e-02  -9.9900e+02   7.1263e-02   5.4854e-02   6.8032e-02  -9.9900e+02   7.1111e-02   6.6450e-02   7.1079e-02   5.6931e-02 
  1.7707e-02   1.5812e-02   1.4050e-02   2.1367e-02   2.1481e-02   3.1508e-02   2.2853e-02   2.9828e-02   2.6273e-02   2.4099e-02   2.2762e-02   3.3826e-02   2.4888e-02   4.0432e-02   3.3175e-02   2.5305e-02   2.0695e-02   4.0606e-02   2.1827e-02   3.6226e-02   2.0534e-02   2.3760e-02   2.5479e-02   3.2920e-02   1.7580e-02   4.2140e-02   2.0776e-02   1.9814e-02   2.2332e-02   3.6053e-02   3.5784e-02   7.5099e-02  -9.9900e+02  -9.9900e+02   8.1735e-02   4.3885e-02   3.0736e-02   4.1134e-02   2.7634e-02   7.1630e-02   1.2654e-01   5.4535e-02  -9.9900e+02   8.2035e-02   7.5243e-02   1.0474e-01  -9.9900e+02   8.4253e-02   6.4772e-02   6.8446e-02   5.5363e-02 
  2.0605e-02   1.9483e-02   1.3643e-02   1.6533e-02   1.8750e-02   2.7783e-02   1.9079e-02   2.3439e-02   3.3725e-02   5.0617e-02   2.2099e-02   2.9304e-02   2.4340e-02   2.0955e-02   3.4306e-02   2.5219e-02   4.0299e-02   4.3196e-02   3.0885e-02   3.6658e-02   1.5331e-02   1.9728e-02   2.7468e-02   2.8926e-02   1.3873e-02   2.5979e-02   1.8702e-02   1.4575e-02   2.6307e-02   4.2818e-02   2.9279e-02   5.0831e-02  -9.9900e+02  -9.9900e+02   7.9617e-02   4.9673e-02   3.4877e-02   3.6344e-02   2.6413e-02   7.4249e-02   1.2978e-01   5.5838e-02  -9.9900e+02   1.1345e-01   8.6939e-02   1.0741e-01  -9.9900e+02   1.7864e-01   1.7864e-01   1.4559e-01   2.8983e-02 
  1.8208e-02   2.0325e-02   1.6138e-02   1.7782e-02   2.1880e-02   2.7632e-02   2.0513e-02   2.3352e-02   2.8579e-02   2.9055e-02   3.0538e-02   3.1385e-02   3.5385e-02   2.4408e-02   2.5214e-02   2.2527e-02   3.4514e-02   3.8096e-02   3.1166e-02   4.9303e-02   2.7171e-02   3.5078e-02   6.0482e-02   5.7131e-02   2.2676e-02   1.6942e-02   2.5948e-02   1.7554e-02   2.7663e-02   5.5685e-02   2.9024e-02   3.9759e-02  -9.9900e+02  -9.9900e+02   6.1980e-02   4.3927e-02   3.5038e-02   4.5311e-02   2.5587e-02   7.7248e-02   9.9351e-02   5.2597e-02  -9.9900e+02   8.1634e-02   8.5619e-02   1.2588e-01  -9.9900e+02   2.0038e-01   2.0038e-01   1.6379e-01   6.8088e-02 
  1.8676e-02   1.8805e-02   1.9466e-02   3.1037e-02   2.3111e-02   3.5705e-02   2.9332e-02   2.5349e-02   3.0393e-02   1.8768e-02   2.0536e-02   2.7178e-02   2.4082e-02   3.1508e-02   4.1908e-02   2.2608e-02   3.9925e-02   4.6340e-02   3.6471e-02   4.0320e-02   4.0718e-02   3.1600e-02   6.4716e-02   1.4470e-01   5.2809e-02   2.9953e-02   2.9033e-02   1.5990e-02   2.3870e-02   4.6272e-02   5.5359e-02   8.2685e-02  -9.9900e+02  -9.9900e+02   6.6735e-02   3.7542e-02   3.1327e-02   3.8544e-02   2.6122e-02   7.0981e-02   8.7234e-02   5.1109e-02  -9.9900e+02   7.1737e-02   7.2814e-02   1.0582e-01  -9.9900e+02   5.9871e-02   7.6357e-02   8.3571e-02   7.2108e-02 
  5.4535e-02   3.8379e-02   1.7919e-02   2.8901e-02   2.5141e-02   2.6878e-02   2.8007e-02   2.2594e-02   2.1761e-02   2.7982e-02   2.2578e-02   2.5948e-02   2.2356e-02   3.7170e-02   4.0084e-02   2.8653e-02   2.8097e-02   2.7510e-02   2.8844e-02   3.7497e-02   4.4372e-02   1.8242e-02   2.8880e-02   6.5326e-02   4.2517e-02   1.1824e-02   9.5256e-03   1.4716e-02   4.8508e-02   3.8364e-02   3.9676e-02   1.0149e-01  -9.9900e+02  -9.9900e+02   9.4334e-02   5.3919e-02   3.3088e-02   3.1657e-02   2.5850e-02   1.1407e+01   2.2895e+01   4.5311e-02  -9.9900e+02   1.0434e-01   7.3427e-02   8.2843e-02  -9.9900e+02   6.1356e-02   6.1356e-02   4.3918e-02   4.3918e-02 
  1.2297e-01   9.7666e-02   3.1847e-02   8.0304e-02   7.0619e-02   5.7069e-02   5.8648e-02   6.3924e-02   3.0126e-02   2.3699e-02   2.2585e-02   3.2291e-02   3.6524e-02   5.7525e-02   3.3369e-02   1.8790e-02   2.2880e-02   3.8927e-02   1.7028e-02   4.1661e-02   4.4712e-02   2.7462e-02   3.0728e-02   2.8687e-02   2.3089e-02   2.4767e-02   2.2873e-02   2.5812e-02   4.5424e-02   5.1631e-02   3.8736e-02   4.9100e-02  -9.9900e+02  -9.9900e+02   1.0750e-01   6.0652e-02   2.9921e-02   3.0787e-02   2.5998e-02   1.4714e-01   1.3552e-01   5.0502e-02  -9.9900e+02   7.9252e-02   6.3013e-02   8.0276e-02  -9.9900e+02   7.5321e-02   9.1993e-02   1.1193e-01   3.2027e-02 
  1.7806e-01   1.6227e-01   8.0293e-02   1.4735e-01   1.0715e-01   8.9827e-02   1.0062e-01   1.1881e-01   5.4414e-02   3.7658e-02   3.3113e-02   3.9841e-02   3.5861e-02   3.5112e-02   2.0670e-02   2.8882e-02   3.6604e-02   3.3726e-02   2.0494e-02   2.7318e-02   1.8322e-02   2.2771e-02   1.5496e-02   4.6295e-02   2.0066e-02   1.1906e-02   4.2046e-02   3.4442e-02   2.7500e-02   3.8608e-02   1.0628e-01   2.0275e-01  -9.9900e+02  -9.9900e+02   8.0215e-02   5.3538e-02   3.2932e-02   3.1133e-02   2.7292e-02   1.7184e-01   1.6190e-01   6.5656e-02  -9.9900e+02   6.9981e-02   6.2679e-02   8.6201e-02  -9.9900e+02   1.0091e-01   8.9850e-02   1.3673e-01   5.0520e-02 
  2.0723e-01   2.0155e-01   1.2356e-01   1.8835e-01   1.4212e-01   1.5456e-01   1.4764e-01   1.6170e-01   9.2310e-02   5.9402e-02   4.2926e-02   4.9030e-02   3.0757e-02   3.4236e-02   2.7071e-02   2.3328e-02   3.7261e-02   3.7842e-02   2.6788e-02   3.9710e-02   3.0566e-02   2.0529e-02   2.9906e-02   1.8164e-02   1.5316e-02   1.3955e-02   5.0587e-02   2.3339e-02   3.6865e-02   3.8676e-02   9.0518e-02   1.7391e-01  -9.9900e+02  -9.9900e+02   3.7331e-02   4.5244e-02   3.3485e-02   3.3474e-02   2.7670e-02   1.8089e-01   1.6903e-01   1.0989e-01  -9.9900e+02   8.2639e-02   6.8747e-02   9.0490e-02  -9.9900e+02   1.4063e-01   1.6562e-01   2.7344e-01   7.4440e-02 
  2.2386e-01   2.1883e-01   1.4309e-01   2.1160e-01   1.6050e-01   1.8828e-01   1.6689e-01   1.8556e-01   1.0906e-01   6.5449e-02   4.5944e-02   4.4626e-02   2.8710e-02   3.3358e-02   3.7169e-02   4.0584e-02   4.3231e-02   5.9448e-02   2.1788e-02   3.4950e-02   3.5433e-02   2.3728e-02   2.3122e-02   1.1927e-02   2.3071e-02   1.4779e-02   2.1143e-02   1.6672e-02   4.2165e-02   4.7192e-02   3.6087e-02  -9.9900e+02  -9.9900e+02  -9.9900e+02   4.7974e-02   4.2351e-02   3.1512e-02   3.9311e-02   2.6683e-02   2.0133e-01   2.0787e-01   2.1058e-01  -9.9900e+02   1.3261e-01   1.0555e-01   1.3458e-01  -9.9900e+02   2.1204e-01   2.9267e-01   4.6400e-01   7.6146e-02 
  2.2881e-01   2.2279e-01   1.5142e-01   2.2105e-01   1.6862e-01   2.0437e-01   1.8111e-01   2.1640e-01   1.2878e-01   8.3222e-02   6.5395e-02   5.0314e-02   2.9652e-02   2.9794e-02   4.4132e-02   3.4909e-02   3.5080e-02   3.9282e-02   2.7941e-02   4.2225e-02   3.7661e-02   2.9172e-02   2.8389e-02   1.2331e-02   2.1808e-02   2.0213e-02   1.1953e-02   1.3621e-02   2.3851e-02   5.4604e-02   3.5997e-02  -9.9900e+02  -9.9900e+02  -9.9900e+02   1.0882e-01   5.2636e-02   8.6044e-02   5.9695e-02   3.0381e-02   2.1372e-01   2.7224e-01   3.3334e-01  -9.9900e+02   2.0238e-01   1.6489e-01   2.1394e-01  -9.9900e+02   3.3455e-01   5.1409e-01   7.9059e-01   1.1981e-01 
