ALO Lidar Data on 20190701

UT (hour) for each column
  23.4000   23.5000   23.6000   23.7000   23.8000 
Altitudes (km) for each row
   80.000    80.500    81.000    81.500    82.000    82.500    83.000    83.500    84.000    84.500    85.000    85.500    86.000    86.500    87.000    87.500    88.000    88.500    89.000    89.500    90.000    90.500    91.000    91.500    92.000    92.500    93.000    93.500    94.000    94.500    95.000    95.500    96.000    96.500    97.000    97.500    98.000    98.500    99.000    99.500   100.000   100.500   101.000   101.500   102.000   102.500   103.000   103.500   104.000   104.500   105.000   105.500   106.000   106.500   107.000   107.500   108.000   108.500   109.000   109.500   110.000   110.500   111.000   111.500   112.000   112.500   113.000   113.500   114.000   114.500   115.000 

Na Density (cm^(-3))
  6.0359e+02   6.5359e+02   6.3869e+02   5.0943e+02   4.5300e+02 
  9.8089e+02   9.8288e+02   8.9915e+02   7.6535e+02   6.7449e+02 
  2.1001e+03   1.7258e+03   1.2478e+03   9.3861e+02   8.4524e+02 
  3.9918e+03   3.3646e+03   2.4376e+03   1.4455e+03   1.1811e+03 
  5.2179e+03   4.8261e+03   4.0634e+03   2.9228e+03   2.6102e+03 
  5.4165e+03   5.2990e+03   4.9299e+03   4.2738e+03   4.0475e+03 
  5.2327e+03   5.2356e+03   5.0223e+03   4.6174e+03   4.3870e+03 
  5.0501e+03   5.0191e+03   4.8614e+03   4.4576e+03   4.1551e+03 
  4.9890e+03   4.8066e+03   4.6756e+03   4.3224e+03   3.9233e+03 
  5.0799e+03   4.7566e+03   4.5514e+03   4.2255e+03   3.8839e+03 
  5.1502e+03   4.8691e+03   4.5657e+03   4.1738e+03   3.9757e+03 
  5.1065e+03   4.9559e+03   4.6159e+03   4.2625e+03   4.2735e+03 
  4.9995e+03   4.8768e+03   4.6341e+03   4.3894e+03   4.4741e+03 
  4.9244e+03   4.8172e+03   4.5760e+03   4.4603e+03   4.5046e+03 
  4.8503e+03   4.7752e+03   4.4746e+03   4.4236e+03   4.4495e+03 
  4.7419e+03   4.6516e+03   4.4093e+03   4.3082e+03   4.3393e+03 
  4.6720e+03   4.6128e+03   4.4018e+03   4.2468e+03   4.2304e+03 
  4.6120e+03   4.5677e+03   4.3899e+03   4.2351e+03   4.1464e+03 
  4.7145e+03   4.5229e+03   4.2252e+03   4.1321e+03   4.1576e+03 
  4.9355e+03   4.5671e+03   4.1037e+03   4.0655e+03   4.4496e+03 
  5.4790e+03   4.8370e+03   4.2902e+03   4.3023e+03   4.9543e+03 
  6.4239e+03   5.4451e+03   4.7950e+03   4.8244e+03   5.5349e+03 
  7.2640e+03   6.5189e+03   5.6000e+03   5.4262e+03   6.0012e+03 
  7.4321e+03   7.2540e+03   6.3622e+03   5.9895e+03   6.2192e+03 
  7.0092e+03   6.9830e+03   6.5070e+03   6.2319e+03   6.1661e+03 
  6.5735e+03   6.4822e+03   6.1430e+03   6.0046e+03   5.9653e+03 
  6.2093e+03   6.1604e+03   5.8345e+03   5.7068e+03   5.7160e+03 
  5.8955e+03   5.7903e+03   5.5696e+03   5.4823e+03   5.4533e+03 
  5.6663e+03   5.4896e+03   5.2256e+03   5.1183e+03   5.1071e+03 
  5.5264e+03   5.3876e+03   4.9126e+03   4.6792e+03   4.6990e+03 
  5.3322e+03   5.2030e+03   4.6521e+03   4.3871e+03   4.3958e+03 
  4.9577e+03   4.8514e+03   4.4213e+03   4.2334e+03   4.1741e+03 
  4.4773e+03   4.3911e+03   4.1534e+03   4.0126e+03   3.9268e+03 
  3.8859e+03   3.7359e+03   3.7029e+03   3.5703e+03   3.5503e+03 
  3.2074e+03   3.0660e+03   3.1112e+03   2.9889e+03   3.0737e+03 
  2.7221e+03   2.6289e+03   2.6294e+03   2.4823e+03   2.6177e+03 
  2.4255e+03   2.3072e+03   2.2482e+03   2.0534e+03   2.2334e+03 
  2.1879e+03   2.0214e+03   1.8697e+03   1.6779e+03   1.8915e+03 
  1.9418e+03   1.7540e+03   1.5852e+03   1.4296e+03   1.5622e+03 
  1.5721e+03   1.4019e+03   1.3590e+03   1.1752e+03   1.2635e+03 
  1.0995e+03   9.8642e+02   1.0248e+03   9.1001e+02   1.0220e+03 
  7.7785e+02   7.4641e+02   7.5737e+02   7.6047e+02   8.4480e+02 
  6.6599e+02   6.7498e+02   6.5167e+02   6.8156e+02   7.3511e+02 
  6.1544e+02   5.9866e+02   5.8289e+02   5.8820e+02   6.7053e+02 
  5.4819e+02   5.0500e+02   4.9221e+02   5.0617e+02   5.8992e+02 
  4.4852e+02   4.1515e+02   4.0488e+02   4.3048e+02   4.8543e+02 
  3.5279e+02   3.4447e+02   3.3631e+02   3.4157e+02   3.8086e+02 
  2.9399e+02   2.8973e+02   2.7777e+02   2.7789e+02   2.9702e+02 
  2.4586e+02   2.4359e+02   2.3664e+02   2.3014e+02   2.2962e+02 
  2.1368e+02   2.1260e+02   1.8933e+02   1.8080e+02   1.7912e+02 
  1.9025e+02   1.8756e+02   1.5630e+02   1.4906e+02   1.4154e+02 
  1.6246e+02   1.6031e+02   1.3784e+02   1.2482e+02   1.0919e+02 
  1.3992e+02   1.3707e+02   1.1316e+02   9.9135e+01   7.9275e+01 
  1.1583e+02   1.1012e+02   8.5420e+01   7.3138e+01   5.5253e+01 
  8.4317e+01   8.2738e+01   6.0212e+01   4.7982e+01   3.4014e+01 
  5.3318e+01   5.4137e+01   3.9443e+01   3.0095e+01   2.5177e+01 
  2.9207e+01   2.8468e+01   2.5139e+01   1.4709e+01   1.6281e+01 
  2.3401e+01   2.5052e+01   2.7198e+01   1.7641e+01   1.7641e+01 
  2.1552e+01   2.1552e+01  -9.9900e+02   2.1533e+01   2.1533e+01 
  1.4908e+01   1.4908e+01  -9.9900e+02  -9.9900e+02  -9.9900e+02 
 -9.9900e+02  -9.9900e+02  -9.9900e+02  -9.9900e+02  -9.9900e+02 
 -9.9900e+02  -9.9900e+02  -9.9900e+02  -9.9900e+02  -9.9900e+02 
 -9.9900e+02  -9.9900e+02   1.8063e+01   1.8063e+01  -9.9900e+02 
 -9.9900e+02  -9.9900e+02   1.2871e+01   1.2871e+01  -9.9900e+02 
 -9.9900e+02  -9.9900e+02  -9.9900e+02  -9.9900e+02  -9.9900e+02 
 -9.9900e+02  -9.9900e+02  -9.9900e+02  -9.9900e+02  -9.9900e+02 
 -9.9900e+02  -9.9900e+02  -9.9900e+02  -9.9900e+02  -9.9900e+02 
 -9.9900e+02  -9.9900e+02  -9.9900e+02  -9.9900e+02  -9.9900e+02 
 -9.9900e+02  -9.9900e+02  -9.9900e+02  -9.9900e+02  -9.9900e+02 
 -9.9900e+02  -9.9900e+02  -9.9900e+02  -9.9900e+02  -9.9900e+02 
 -9.9900e+02  -9.9900e+02  -9.9900e+02  -9.9900e+02  -9.9900e+02 

Na Density Error (cm^(-3))
  1.0237e+01   1.1018e+01   1.0744e+01   8.1021e+00   7.9622e+00 
  1.3308e+01   1.3645e+01   1.2734e+01   1.0069e+01   9.7858e+00 
  1.9560e+01   1.7920e+01   1.5117e+01   1.1265e+01   1.1045e+01 
  2.7842e+01   2.5537e+01   2.1271e+01   1.3770e+01   1.3064e+01 
  3.2284e+01   3.1624e+01   2.8143e+01   1.9937e+01   1.9420e+01 
  3.3027e+01   3.3631e+01   3.1156e+01   2.5058e+01   2.4909e+01 
  3.2650e+01   3.3609e+01   3.1564e+01   2.6425e+01   2.6118e+01 
  3.2239e+01   3.3009e+01   3.1299e+01   2.6086e+01   2.5546e+01 
  3.2163e+01   3.2414e+01   3.0837e+01   2.5821e+01   2.4867e+01 
  3.2739e+01   3.2400e+01   3.0569e+01   2.5744e+01   2.4882e+01 
  3.3214e+01   3.3020e+01   3.0801e+01   2.5619e+01   2.5446e+01 
  3.3199e+01   3.3492e+01   3.1236e+01   2.5883e+01   2.6679e+01 
  3.2881e+01   3.3454e+01   3.1364e+01   2.6445e+01   2.7417e+01 
  3.2824e+01   3.3553e+01   3.1144e+01   2.6908e+01   2.7547e+01 
  3.2819e+01   3.3554e+01   3.0928e+01   2.6976e+01   2.7414e+01 
  3.2531e+01   3.3194e+01   3.0871e+01   2.6709e+01   2.7209e+01 
  3.2423e+01   3.3146e+01   3.0993e+01   2.6621e+01   2.7001e+01 
  3.2461e+01   3.3143e+01   3.1168e+01   2.6726e+01   2.6792e+01 
  3.3085e+01   3.3411e+01   3.0691e+01   2.6502e+01   2.7132e+01 
  3.4202e+01   3.3910e+01   3.0370e+01   2.6298e+01   2.8616e+01 
  3.6526e+01   3.5038e+01   3.1440e+01   2.7284e+01   3.0661e+01 
  4.0150e+01   3.7404e+01   3.3730e+01   2.9229e+01   3.2710e+01 
  4.2951e+01   4.1426e+01   3.6727e+01   3.1297e+01   3.4199e+01 
  4.3534e+01   4.4199e+01   3.9403e+01   3.3215e+01   3.4887e+01 
  4.2527e+01   4.3653e+01   4.0149e+01   3.4312e+01   3.4945e+01 
  4.1567e+01   4.2477e+01   3.9307e+01   3.3978e+01   3.4668e+01 
  4.0759e+01   4.1758e+01   3.8732e+01   3.3444e+01   3.4244e+01 
  4.0041e+01   4.0850e+01   3.8188e+01   3.3174e+01   3.3646e+01 
  3.9434e+01   4.0135e+01   3.7163e+01   3.2250e+01   3.2690e+01 
  3.9222e+01   3.9949e+01   3.6203e+01   3.0929e+01   3.1458e+01 
  3.8751e+01   3.9443e+01   3.5436e+01   2.9946e+01   3.0493e+01 
  3.7381e+01   3.8041e+01   3.4624e+01   2.9463e+01   2.9814e+01 
  3.5638e+01   3.6226e+01   3.3582e+01   2.8765e+01   2.9019e+01 
  3.3429e+01   3.3341e+01   3.1837e+01   2.7221e+01   2.7638e+01 
  3.0443e+01   3.0293e+01   2.9319e+01   2.4956e+01   2.5719e+01 
  2.8197e+01   2.8397e+01   2.7046e+01   2.2724e+01   2.3838e+01 
  2.6819e+01   2.6697e+01   2.5068e+01   2.0741e+01   2.2166e+01 
  2.5660e+01   2.5168e+01   2.3049e+01   1.8925e+01   2.0523e+01 
  2.4350e+01   2.3614e+01   2.1468e+01   1.7840e+01   1.8782e+01 
  2.2105e+01   2.1115e+01   2.0283e+01   1.6176e+01   1.7100e+01 
  1.8651e+01   1.7691e+01   1.7713e+01   1.4259e+01   1.5596e+01 
  1.5724e+01   1.5667e+01   1.5162e+01   1.3256e+01   1.4268e+01 
  1.4539e+01   1.5108e+01   1.3991e+01   1.2517e+01   1.3235e+01 
  1.3956e+01   1.4134e+01   1.3326e+01   1.1468e+01   1.2718e+01 
  1.3261e+01   1.2967e+01   1.2286e+01   1.0580e+01   1.1989e+01 
  1.2099e+01   1.1805e+01   1.1033e+01   9.8751e+00   1.0835e+01 
  1.0741e+01   1.1054e+01   1.0153e+01   8.9057e+00   9.5993e+00 
  9.7982e+00   1.0135e+01   9.2848e+00   8.0399e+00   8.4801e+00 
  9.1214e+00   9.1091e+00   8.5915e+00   7.2744e+00   7.4418e+00 
  8.4721e+00   8.5309e+00   7.6171e+00   6.5123e+00   6.7416e+00 
  7.8639e+00   8.2659e+00   7.1265e+00   5.8895e+00   6.0326e+00 
  7.4771e+00   7.8097e+00   6.6485e+00   5.3884e+00   5.3037e+00 
  7.0502e+00   7.2163e+00   5.9347e+00   4.9322e+00   4.5861e+00 
  6.4094e+00   6.4841e+00   5.2396e+00   4.5060e+00   4.1807e+00 
  5.2559e+00   5.6109e+00   4.7029e+00   3.9168e+00   3.5285e+00 
  4.2875e+00   4.7095e+00   3.8614e+00   3.4881e+00   4.7535e+00 
  3.3978e+00   3.5604e+00   4.1000e+00   3.3920e+00   5.4030e+00 
  4.1687e+00   4.7273e+00   6.9825e+00   6.8084e+00   6.8084e+00 
  7.2981e+00   7.2981e+00  -9.9900e+02   7.8012e+00   7.8012e+00 
  6.0988e+00   6.0988e+00  -9.9900e+02  -9.9900e+02  -9.9900e+02 
 -9.9900e+02  -9.9900e+02  -9.9900e+02  -9.9900e+02  -9.9900e+02 
 -9.9900e+02  -9.9900e+02  -9.9900e+02  -9.9900e+02  -9.9900e+02 
 -9.9900e+02  -9.9900e+02   7.5376e+00   7.5376e+00  -9.9900e+02 
 -9.9900e+02  -9.9900e+02   5.6959e+00   5.6959e+00  -9.9900e+02 
 -9.9900e+02  -9.9900e+02  -9.9900e+02  -9.9900e+02  -9.9900e+02 
 -9.9900e+02  -9.9900e+02  -9.9900e+02  -9.9900e+02  -9.9900e+02 
 -9.9900e+02  -9.9900e+02  -9.9900e+02  -9.9900e+02  -9.9900e+02 
 -9.9900e+02  -9.9900e+02  -9.9900e+02  -9.9900e+02  -9.9900e+02 
 -9.9900e+02  -9.9900e+02  -9.9900e+02  -9.9900e+02  -9.9900e+02 
 -9.9900e+02  -9.9900e+02  -9.9900e+02  -9.9900e+02  -9.9900e+02 
 -9.9900e+02  -9.9900e+02  -9.9900e+02  -9.9900e+02  -9.9900e+02 

Temperature (K)
   180.91    182.98    181.28    178.75    183.04 
   179.46    178.10    179.42    176.33    180.59 
   185.65    181.93    179.99    178.97    180.31 
   193.26    188.27    184.20    180.58    179.40 
   195.87    193.37    188.91    183.87    183.85 
   194.31    193.64    190.80    188.01    187.30 
   192.92    190.04    189.81    189.90    187.71 
   190.73    187.60    188.49    187.56    187.06 
   186.80    184.90    186.36    183.67    183.48 
   185.01    183.60    184.60    183.60    180.78 
   183.77    183.33    181.59    180.46    180.24 
   181.49    179.98    180.32    177.67    180.38 
   177.26    176.30    177.21    176.39    177.58 
   175.49    174.70    173.07    174.27    174.78 
   174.52    171.66    171.36    172.22    171.09 
   170.87    168.29    169.42    169.94    168.62 
   168.25    165.58    166.97    167.13    166.74 
   167.66    164.51    166.21    164.43    162.83 
   167.68    166.01    164.64    162.80    162.87 
   167.76    166.96    161.58    161.55    165.46 
   169.66    167.37    162.91    164.06    169.12 
   171.97    169.24    166.64    166.68    169.95 
   170.75    169.02    166.02    166.23    168.08 
   168.29    166.21    163.86    164.69    166.19 
   167.23    164.83    164.07    164.81    166.67 
   167.36    165.51    164.33    164.38    166.87 
   167.80    165.68    165.22    164.74    167.35 
   167.49    166.35    166.42    166.95    167.36 
   164.62    165.74    165.29    165.56    165.28 
   163.73    162.56    162.47    162.97    162.53 
   161.96    160.64    159.79    159.02    159.13 
   157.14    155.68    156.69    154.93    155.70 
   154.59    152.90    152.55    152.04    152.79 
   153.22    150.58    150.30    151.09    150.14 
   150.60    148.87    149.22    149.40    147.96 
   149.58    150.30    146.52    145.77    146.03 
   149.57    149.00    143.25    146.46    144.59 
   149.84    148.91    144.86    149.26    144.70 
   150.21    150.53    148.93    155.27    147.68 
   152.77    153.86    154.69    158.04    149.13 
   157.04    152.93    154.68    157.75    151.89 
   153.71    149.74    152.14    155.47    153.37 
   151.25    150.23    148.33    148.61    146.75 
   146.30    147.80    145.41    143.94    144.04 
   145.65    145.03    143.77    140.20    142.26 
   147.25    142.73    138.02    140.92    139.19 
   148.29    151.50    141.32    145.58    138.31 
   144.44    149.01    142.11    142.53    135.92 
   155.92    143.69    134.00    133.27    133.26 
   147.35    138.39    148.19    145.14    145.49 
   138.82    144.78    153.07    141.30    143.92 
   154.21    156.62    146.90    135.66    141.71 
   155.11    150.32    140.65    139.56    150.91 
   154.79    149.95   -999.00   -999.00   -999.00 
  -999.00   -999.00   -999.00   -999.00   -999.00 
  -999.00   -999.00   -999.00   -999.00   -999.00 
  -999.00   -999.00   -999.00   -999.00   -999.00 
  -999.00   -999.00   -999.00   -999.00   -999.00 
  -999.00   -999.00   -999.00   -999.00   -999.00 
  -999.00   -999.00   -999.00   -999.00   -999.00 
  -999.00   -999.00   -999.00   -999.00   -999.00 
  -999.00   -999.00   -999.00   -999.00   -999.00 
  -999.00   -999.00   -999.00   -999.00   -999.00 
  -999.00   -999.00   -999.00   -999.00   -999.00 
  -999.00   -999.00   -999.00   -999.00   -999.00 
  -999.00   -999.00   -999.00   -999.00   -999.00 
  -999.00   -999.00   -999.00   -999.00   -999.00 
  -999.00   -999.00   -999.00   -999.00   -999.00 
  -999.00   -999.00   -999.00   -999.00   -999.00 
  -999.00   -999.00   -999.00   -999.00   -999.00 
  -999.00   -999.00   -999.00   -999.00   -999.00 

Temperature Error (K)
     8.57      8.71      7.92      7.71      8.70 
     6.33      6.34      6.46      6.07      6.95 
     4.86      5.23      5.66      5.63      6.08 
     3.65      4.04      4.46      4.95      5.22 
     3.23      3.40      3.43      3.62      3.86 
     3.15      3.26      3.15      2.96      3.00 
     3.21      3.16      3.12      2.90      2.90 
     3.23      3.17      3.17      2.89      3.02 
     3.15      3.19      3.21      2.84      3.03 
     3.06      3.23      3.19      2.89      2.97 
     3.02      3.20      3.09      2.85      2.94 
     2.99      3.05      3.09      2.74      2.87 
     2.92      3.00      2.99      2.68      2.74 
     2.90      2.98      2.90      2.63      2.66 
     2.92      2.88      2.90      2.61      2.58 
     2.86      2.86      2.88      2.59      2.57 
     2.82      2.81      2.83      2.55      2.58 
     2.85      2.79      2.83      2.50      2.52 
     2.82      2.91      2.86      2.49      2.52 
     2.78      2.97      2.82      2.51      2.53 
     2.73      2.92      2.81      2.52      2.51 
     2.59      2.82      2.81      2.47      2.43 
     2.42      2.60      2.60      2.35      2.29 
     2.36      2.38      2.38      2.21      2.22 
     2.42      2.39      2.39      2.17      2.26 
     2.52      2.53      2.49      2.21      2.32 
     2.63      2.61      2.60      2.29      2.41 
     2.70      2.75      2.71      2.41      2.48 
     2.67      2.84      2.76      2.49      2.53 
     2.71      2.76      2.80      2.55      2.57 
     2.72      2.75      2.83      2.52      2.57 
     2.69      2.72      2.81      2.47      2.56 
     2.78      2.80      2.77      2.46      2.58 
     2.95      3.00      2.87      2.60      2.64 
     3.17      3.27      3.10      2.82      2.78 
     3.39      3.62      3.27      3.00      2.96 
     3.61      3.85      3.41      3.41      3.16 
     3.84      4.12      3.85      4.02      3.49 
     4.12      4.59      4.43      4.68      4.05 
     4.79      5.39      5.20      5.48      4.59 
     6.24      6.41      6.06      6.14      5.28 
     7.05      7.00      6.89      6.33      5.92 
     7.38      7.33      7.19      6.18      5.98 
     7.30      7.95      7.44      6.47      6.09 
     7.67      8.45      8.05      7.62      6.66 
     8.82      9.06      8.22      8.27      6.93 
    10.24     12.00      9.45      9.44      8.00 
    11.27     13.05     11.46     10.54      9.01 
    14.94     13.25     11.56     10.13     12.52 
    13.96     14.15     19.85     14.64     16.57 
    14.84     19.73     30.32     18.63     19.00 
    19.59     23.24     33.17     30.28     29.66 
    20.00     25.02     34.55     27.88     29.33 
    24.27     30.96    101.01     51.72    147.92 
    65.50     53.24     52.73     82.04    153.10 
    67.39     87.14     72.96    371.58    430.16 
   146.82    446.38    286.39    567.10    567.10 
   767.54    767.54    767.54   -999.00   -999.00 
  -999.00   -999.00   -999.00   -999.00   -999.00 
  -999.00   -999.00   -999.00   -999.00   -999.00 
  -999.00   -999.00   -999.00   -999.00   -999.00 
  -999.00   -999.00   -999.00   -999.00   -999.00 
  -999.00   -999.00   -999.00   -999.00   -999.00 
  -999.00   -999.00   -999.00   -999.00   -999.00 
  -999.00   -999.00   -999.00   -999.00   -999.00 
  -999.00   -999.00   -999.00   -999.00   -999.00 
  -999.00   -999.00   -999.00   -999.00   -999.00 
  -999.00   -999.00   -999.00   1746.11   1746.11 
  -999.00   -999.00   -999.00   -999.00   -999.00 
  -999.00   -999.00   -999.00   -999.00   -999.00 
  -999.00   -999.00   -999.00   -999.00   -999.00 

Vertical Wind (m/s)
  -999.00   -999.00   -999.00   -999.00   -999.00 
    -5.77     -4.59   -999.00     -5.01   -999.00 
    -8.60     -3.35     -5.46     -3.54     -1.47 
    -9.16     -4.30     -5.12     -4.35     -1.92 
    -9.46     -7.50     -6.65     -6.14     -5.43 
    -7.75     -7.75     -7.85     -6.24     -7.53 
    -6.23     -5.91     -8.30     -8.27     -8.26 
    -4.16     -4.37     -6.64     -7.42     -7.22 
    -0.71     -2.46     -4.60     -6.22     -6.19 
    -1.59     -2.02     -5.09     -7.20     -5.47 
    -2.27     -3.37     -4.77     -5.82     -5.84 
    -1.74     -1.53     -3.26     -6.26     -6.41 
    -2.04     -0.45     -2.44     -6.56     -5.55 
    -2.42     -2.71     -1.63     -4.92     -4.85 
    -1.96     -3.37     -2.03     -3.22     -2.75 
    -0.07     -0.09     -0.68     -3.00     -1.63 
     1.76      2.72      1.68     -1.31      0.02 
     1.76      3.59      1.91     -0.54      1.79 
     1.21      3.66      1.67     -2.06     -0.20 
     0.33      1.81      2.39     -1.87     -1.91 
    -0.34      1.06      0.98     -3.09     -2.61 
    -2.55     -0.38      1.02     -3.00     -0.57 
    -1.31     -0.08      0.29     -3.26      0.60 
    -0.24      0.46      0.09     -3.13      0.47 
    -0.17     -0.23      1.26     -3.12     -1.25 
     1.42      0.07     -0.47     -4.82     -1.85 
     1.79      0.49     -1.26     -5.89     -1.14 
     0.19     -0.76     -1.35     -6.19     -0.47 
    -1.12     -2.15     -1.24     -4.45     -0.02 
     0.47      0.13      1.34     -3.84     -0.30 
     0.65      1.02      2.96     -2.72      1.23 
     1.54      2.14      2.49     -0.22      3.94 
     4.37      3.71      3.54      1.34      6.58 
     4.25      4.90      5.09      1.86      6.37 
     3.68      4.47      4.95      2.53      5.68 
     2.22      2.55      4.99      3.49      6.55 
     2.59      4.06      4.91      0.62      8.62 
     2.88      4.60      5.20      2.54     12.28 
     3.50      7.83      8.09      1.17      9.18 
     4.07      6.07      7.49     -1.66      5.72 
  -999.00   -999.00   -999.00   -999.00   -999.00 
  -999.00   -999.00   -999.00   -999.00   -999.00 
  -999.00   -999.00   -999.00   -999.00   -999.00 
  -999.00   -999.00   -999.00   -999.00   -999.00 
  -999.00   -999.00   -999.00   -999.00   -999.00 
  -999.00   -999.00   -999.00   -999.00   -999.00 
  -999.00   -999.00   -999.00   -999.00   -999.00 
  -999.00   -999.00   -999.00   -999.00   -999.00 
  -999.00   -999.00   -999.00   -999.00   -999.00 
  -999.00   -999.00   -999.00   -999.00   -999.00 
  -999.00   -999.00   -999.00   -999.00   -999.00 
  -999.00   -999.00   -999.00   -999.00   -999.00 
  -999.00   -999.00   -999.00   -999.00   -999.00 
  -999.00   -999.00   -999.00   -999.00   -999.00 
  -999.00   -999.00   -999.00   -999.00   -999.00 
  -999.00   -999.00   -999.00   -999.00   -999.00 
  -999.00   -999.00   -999.00   -999.00   -999.00 
  -999.00   -999.00   -999.00   -999.00   -999.00 
  -999.00   -999.00   -999.00   -999.00   -999.00 
  -999.00   -999.00   -999.00   -999.00   -999.00 
  -999.00   -999.00   -999.00   -999.00   -999.00 
  -999.00   -999.00   -999.00   -999.00   -999.00 
  -999.00   -999.00   -999.00   -999.00   -999.00 
  -999.00   -999.00   -999.00   -999.00   -999.00 
  -999.00   -999.00   -999.00   -999.00   -999.00 
  -999.00   -999.00   -999.00   -999.00   -999.00 
  -999.00   -999.00   -999.00   -999.00   -999.00 
  -999.00   -999.00   -999.00   -999.00   -999.00 
  -999.00   -999.00   -999.00   -999.00   -999.00 
  -999.00   -999.00   -999.00   -999.00   -999.00 
  -999.00   -999.00   -999.00   -999.00   -999.00 

Vertical Wind Error (m/s)
     6.61      6.49      6.12      6.16      6.70 
     4.94      5.00      5.09      4.90      5.40 
     3.65      4.02      4.43      4.47      4.76 
     2.60      2.97      3.40      3.88      4.12 
     2.26      2.41      2.52      2.80      2.98 
     2.23      2.30      2.29      2.19      2.26 
     2.28      2.29      2.28      2.12      2.18 
     2.32      2.34      2.33      2.15      2.26 
     2.32      2.39      2.38      2.16      2.32 
     2.29      2.42      2.40      2.20      2.32 
     2.27      2.41      2.39      2.21      2.30 
     2.29      2.36      2.39      2.18      2.23 
     2.29      2.36      2.37      2.16      2.17 
     2.31      2.37      2.37      2.13      2.16 
     2.34      2.36      2.40      2.14      2.15 
     2.35      2.39      2.41      2.16      2.18 
     2.36      2.39      2.41      2.17      2.21 
     2.39      2.41      2.42      2.17      2.22 
     2.37      2.46      2.47      2.19      2.22 
     2.33      2.48      2.50      2.23      2.18 
     2.25      2.44      2.47      2.21      2.10 
     2.11      2.33      2.39      2.12      2.01 
     1.98      2.14      2.22      2.01      1.93 
     1.96      2.00      2.07      1.91      1.90 
     2.03      2.04      2.07      1.87      1.92 
     2.11      2.14      2.14      1.92      1.97 
     2.19      2.21      2.22      1.98      2.04 
     2.25      2.31      2.30      2.05      2.10 
     2.28      2.38      2.37      2.13      2.17 
     2.32      2.38      2.44      2.22      2.25 
     2.36      2.42      2.51      2.27      2.31 
     2.42      2.48      2.55      2.29      2.36 
     2.55      2.61      2.61      2.34      2.43 
     2.74      2.85      2.76      2.50      2.54 
     3.00      3.14      3.02      2.74      2.73 
     3.26      3.42      3.26      3.00      2.96 
     3.47      3.67      3.50      3.37      3.21 
     3.68      3.94      3.89      3.82      3.53 
     3.94      4.32      4.33      4.23      3.97 
     4.47      4.97      4.81      4.85      4.44 
     5.59      6.02      5.64      5.54      5.01 
     6.55      6.73      6.59      5.89      5.60 
     7.02      7.02      7.08      6.09      5.95 
     7.24      7.67      7.41      6.61      6.18 
     7.72      8.36      8.12      7.55      6.72 
     8.73      9.23      8.95      8.17      7.32 
    10.07     10.77      9.98      9.32      8.55 
    11.30     12.50     11.67     10.47      9.76 
    13.06     13.27     12.64     11.58     12.52 
    13.55     14.59     17.55     14.38     15.71 
    15.18     17.53     22.60     16.90     19.58 
    17.01     18.90     24.33     23.18     24.02 
    18.71     21.79     25.47     26.33     38.58 
    22.01     27.18     52.01     33.81     60.26 
    41.63     36.27     56.47     59.59     85.54 
    59.90     56.72     69.48    194.87    170.15 
   114.84    251.92    134.05    228.71    213.46 
   173.54    278.38    220.41   -999.00   -999.00 
   234.09    246.64    289.82   -999.00   -999.00 
  -999.00   -999.00   -999.00   -999.00   -999.00 
  -999.00   -999.00   -999.00   -999.00   -999.00 
  -999.00   -999.00   -999.00   -999.00   -999.00 
  -999.00   -999.00   -999.00   -999.00   -999.00 
  -999.00   -999.00   -999.00   -999.00   -999.00 
  -999.00   -999.00   -999.00   -999.00   -999.00 
  -999.00   -999.00   -999.00   -999.00   -999.00 
  -999.00   -999.00   -999.00    688.83   -999.00 
  -999.00   -999.00   -999.00    595.35    764.23 
   600.56   -999.00   -999.00   -999.00   -999.00 
   377.03    377.03   -999.00   -999.00   -999.00 
  -999.00   -999.00   -999.00   -999.00   -999.00 
