ALO Lidar Data on 20190303

UT (hour) for each column
   0.0000    0.1000    0.2000    0.3000    0.4000    0.5000    0.6000    0.7000    0.8000    0.9000    1.0000    1.1000    1.2000    1.3000    1.4000    1.5000    1.6000    1.7000    1.8000    1.9000    2.0000    2.1000    2.2000    2.3000    2.4000    2.5000    2.6000    2.7000    2.8000    2.9000    3.0000    3.1000    3.2000    3.3000    3.4000    3.5000    3.6000    3.7000    3.8000    3.9000    4.0000    4.1000    4.2000    4.3000    4.4000    4.5000    4.6000    4.7000 
Altitudes (km) for each row
   80.000    80.500    81.000    81.500    82.000    82.500    83.000    83.500    84.000    84.500    85.000    85.500    86.000    86.500    87.000    87.500    88.000    88.500    89.000    89.500    90.000    90.500    91.000    91.500    92.000    92.500    93.000    93.500    94.000    94.500    95.000    95.500    96.000    96.500    97.000    97.500    98.000    98.500    99.000    99.500   100.000   100.500   101.000   101.500   102.000   102.500   103.000   103.500   104.000   104.500   105.000   105.500   106.000   106.500   107.000   107.500   108.000   108.500   109.000   109.500   110.000   110.500   111.000   111.500   112.000   112.500   113.000   113.500   114.000   114.500   115.000 

Na Density (cm^(-3))
  2.6280e+01   4.2300e+01   4.1992e+01   3.2771e+01   3.2956e+01   2.7756e+01   2.8019e+01   2.3724e+01   1.7555e+01   1.0297e+01   6.8590e+00   3.1148e+00   2.7832e+00   2.5260e+00   2.8574e+00   2.2153e+00   2.0139e+00   2.1827e+00   1.9263e+00   2.4447e+00   3.0336e+00   2.3511e+00   2.0147e+00   1.8282e+00   1.6093e+00   1.7116e+00   2.0880e+00   1.3646e+00   1.3397e+00   1.2968e+00   2.5445e+00   2.8906e+00   3.1823e+00   3.9575e+00   2.9160e+00   4.3186e+00   3.3171e+00   3.5155e+00   4.2393e+00   3.8458e+00   4.2100e+00   3.8457e+00   1.0586e+01   1.9768e+01   1.8678e+01   1.8570e+01   5.7774e+00   7.4797e+00 
  7.9892e+01   1.1173e+02   1.0216e+02   9.8036e+01   1.0396e+02   8.8568e+01   8.1518e+01   6.8000e+01   4.7224e+01   2.9837e+01   1.5542e+01   6.2385e+00   4.0980e+00   2.9139e+00   5.7534e+00   8.7788e+00   2.1627e+01   2.3822e+01   2.5782e+01   3.3613e+01   3.0858e+01   7.4653e+00   2.7767e+00   2.6639e+00   2.0248e+00   2.3331e+00   3.0805e+00   2.5388e+00   1.8005e+00   1.8788e+00   2.4646e+00   2.5606e+00   3.2937e+00   7.3706e+00   7.0133e+00   7.6330e+00   5.9939e+00   7.9482e+00   4.9385e+00   5.7711e+00   6.7490e+00   3.7871e+00   9.2086e+00   1.8713e+01   1.8374e+01   1.8083e+01   6.7360e+00   8.2249e+00 
  1.6917e+02   2.0291e+02   1.7605e+02   1.6557e+02   1.5920e+02   1.3812e+02   1.1669e+02   1.0017e+02   7.4335e+01   5.1216e+01   2.8447e+01   1.4286e+01   1.1518e+01   2.1627e+01   7.6608e+01   1.0504e+02   1.4483e+02   1.3052e+02   1.1219e+02   1.1124e+02   8.3993e+01   3.3545e+01   6.7513e+00   3.0310e+00   2.1761e+00   4.4982e+00   2.1825e+01   1.7962e+01   9.8983e+00   1.5203e+01   3.3694e+01   4.7873e+01   2.4087e+01   4.8597e+01   6.5855e+01   6.8670e+01   5.4399e+01   4.8499e+01   2.6923e+01   2.0947e+01   1.3904e+01   5.6672e+00   1.6115e+01   3.8355e+01   3.5151e+01   2.8283e+01   2.0251e+01   1.9411e+01 
  2.6079e+02   2.6537e+02   2.3260e+02   2.0766e+02   1.9364e+02   1.8595e+02   1.5761e+02   1.2548e+02   9.5915e+01   7.4071e+01   5.0941e+01   4.2282e+01   5.4775e+01   1.1105e+02   2.3240e+02   2.6838e+02   3.0509e+02   2.6473e+02   2.1904e+02   2.0313e+02   1.4839e+02   6.8904e+01   2.5281e+01   1.1938e+01   2.0799e+01   7.2168e+01   1.6841e+02   1.8265e+02   1.5596e+02   1.8283e+02   2.1748e+02   1.7992e+02   9.0063e+01   1.4086e+02   1.7091e+02   1.6001e+02   1.3278e+02   1.0454e+02   6.5036e+01   4.1331e+01   2.2042e+01   1.7255e+01   4.6504e+01   1.1718e+02   1.3268e+02   1.1129e+02   1.1023e+02   1.0937e+02 
  3.5730e+02   3.3919e+02   3.0572e+02   2.9456e+02   2.8935e+02   3.0158e+02   2.7125e+02   2.0067e+02   1.5050e+02   1.4820e+02   1.2426e+02   1.3698e+02   1.9494e+02   2.7795e+02   3.9168e+02   4.7426e+02   6.2043e+02   5.2495e+02   3.5269e+02   2.8633e+02   2.0545e+02   1.1711e+02   6.5333e+01   4.8886e+01   1.2735e+02   2.9342e+02   5.0742e+02   5.1884e+02   4.1893e+02   4.0977e+02   3.7870e+02   2.8254e+02   1.9368e+02   2.2420e+02   2.3274e+02   2.1705e+02   1.9118e+02   1.3859e+02   9.0509e+01   6.3904e+01   4.1164e+01   5.3491e+01   1.5268e+02   2.8226e+02   3.0712e+02   2.5810e+02   2.4761e+02   2.3943e+02 
  5.6544e+02   5.3752e+02   4.7774e+02   4.9708e+02   4.7364e+02   4.8921e+02   4.3550e+02   3.3379e+02   2.9101e+02   2.9595e+02   2.5571e+02   2.7501e+02   3.9188e+02   4.8871e+02   6.5508e+02   9.2524e+02   1.1129e+03   8.9459e+02   5.1658e+02   3.6275e+02   2.4865e+02   1.7382e+02   1.3377e+02   1.7391e+02   4.0118e+02   6.4317e+02   8.2091e+02   7.3967e+02   5.7082e+02   5.0405e+02   4.5420e+02   3.4262e+02   3.0345e+02   2.7791e+02   2.8229e+02   2.9100e+02   3.4981e+02   2.4561e+02   1.5976e+02   1.4527e+02   1.7074e+02   2.5529e+02   3.8317e+02   4.5283e+02   4.2032e+02   3.6872e+02   3.5880e+02   3.4606e+02 
  9.9607e+02   9.2259e+02   7.3635e+02   7.1140e+02   6.5129e+02   6.3321e+02   5.4031e+02   4.5733e+02   4.4475e+02   4.3222e+02   3.8054e+02   4.2727e+02   7.4557e+02   9.4228e+02   1.1252e+03   1.4005e+03   1.4259e+03   1.1615e+03   7.8225e+02   5.4405e+02   3.2971e+02   2.6988e+02   3.1603e+02   4.5939e+02   7.2721e+02   9.5467e+02   1.0117e+03   8.0840e+02   6.7455e+02   6.9230e+02   7.2309e+02   5.6619e+02   5.6421e+02   4.9548e+02   5.7909e+02   6.2228e+02   7.3595e+02   6.1860e+02   5.0491e+02   5.0075e+02   5.0500e+02   5.4001e+02   5.7425e+02   5.4975e+02   5.0699e+02   4.5674e+02   4.2879e+02   4.0696e+02 
  1.4777e+03   1.2559e+03   9.9378e+02   8.9148e+02   7.7827e+02   7.3425e+02   6.6954e+02   6.4138e+02   6.0835e+02   5.7109e+02   5.7713e+02   7.5196e+02   1.2044e+03   1.3730e+03   1.4626e+03   1.5498e+03   1.4838e+03   1.3136e+03   1.0959e+03   8.6754e+02   5.5366e+02   5.3695e+02   6.9404e+02   8.0424e+02   9.8492e+02   1.1517e+03   1.1126e+03   9.2956e+02   9.3163e+02   1.1896e+03   1.1856e+03   9.6387e+02   9.1722e+02   8.8358e+02   9.9902e+02   1.0004e+03   1.0645e+03   1.0022e+03   8.9374e+02   8.3480e+02   7.4356e+02   6.7214e+02   6.5944e+02   6.1502e+02   5.5628e+02   4.9818e+02   4.5905e+02   4.3162e+02 
  1.7230e+03   1.4394e+03   1.2334e+03   1.0832e+03   9.3527e+02   9.1342e+02   9.8821e+02   1.0989e+03   1.0003e+03   8.7552e+02   9.9420e+02   1.2533e+03   1.4636e+03   1.5031e+03   1.5458e+03   1.5136e+03   1.4468e+03   1.3451e+03   1.2138e+03   1.0763e+03   8.4630e+02   8.5968e+02   9.8209e+02   1.0485e+03   1.1985e+03   1.2570e+03   1.1691e+03   1.1598e+03   1.3915e+03   1.6921e+03   1.5441e+03   1.2898e+03   1.1944e+03   1.2368e+03   1.2851e+03   1.2015e+03   1.1913e+03   1.1185e+03   1.0208e+03   8.9920e+02   8.0485e+02   7.3828e+02   7.2667e+02   6.7072e+02   5.7899e+02   5.2065e+02   4.9026e+02   4.7640e+02 
  1.7707e+03   1.5517e+03   1.4130e+03   1.2673e+03   1.2047e+03   1.3106e+03   1.4858e+03   1.6044e+03   1.4024e+03   1.3080e+03   1.4706e+03   1.5681e+03   1.5263e+03   1.5300e+03   1.5398e+03   1.4614e+03   1.4001e+03   1.3032e+03   1.2109e+03   1.1110e+03   1.0202e+03   1.0707e+03   1.1471e+03   1.3047e+03   1.3950e+03   1.4541e+03   1.5405e+03   1.6533e+03   1.7857e+03   1.8411e+03   1.6895e+03   1.5086e+03   1.4461e+03   1.4348e+03   1.3770e+03   1.2716e+03   1.2126e+03   1.0974e+03   1.0108e+03   9.2918e+02   8.7274e+02   8.4454e+02   8.2272e+02   7.6285e+02   6.5623e+02   6.0365e+02   6.0888e+02   6.1634e+02 
  1.8022e+03   1.6163e+03   1.5855e+03   1.4965e+03   1.6003e+03   1.8942e+03   1.9692e+03   1.8724e+03   1.6971e+03   1.6516e+03   1.6880e+03   1.6135e+03   1.5387e+03   1.5467e+03   1.5183e+03   1.4265e+03   1.3417e+03   1.2426e+03   1.1837e+03   1.1138e+03   1.1592e+03   1.3242e+03   1.5068e+03   1.7193e+03   1.7719e+03   1.8675e+03   1.9475e+03   1.9497e+03   1.8616e+03   1.7810e+03   1.7039e+03   1.6051e+03   1.5452e+03   1.4499e+03   1.3641e+03   1.2665e+03   1.1863e+03   1.1066e+03   1.0688e+03   1.0475e+03   9.9624e+02   9.8623e+02   9.5426e+02   8.9703e+02   8.0589e+02   7.7671e+02   8.1500e+02   7.9863e+02 
  2.0627e+03   1.9179e+03   2.0408e+03   2.0003e+03   2.0707e+03   2.2421e+03   2.1825e+03   2.0048e+03   1.9049e+03   1.8010e+03   1.6933e+03   1.6315e+03   1.6355e+03   1.6581e+03   1.5544e+03   1.4182e+03   1.3114e+03   1.2183e+03   1.1718e+03   1.2555e+03   1.5363e+03   1.7410e+03   1.9481e+03   2.0778e+03   2.0698e+03   2.0724e+03   2.0144e+03   1.9069e+03   1.7747e+03   1.7048e+03   1.6273e+03   1.5432e+03   1.4930e+03   1.4405e+03   1.4074e+03   1.3338e+03   1.2892e+03   1.2446e+03   1.2290e+03   1.2163e+03   1.1692e+03   1.1392e+03   1.0953e+03   1.0421e+03   9.8215e+02   9.8919e+02   1.0525e+03   1.0396e+03 
  2.4842e+03   2.4508e+03   2.5042e+03   2.3984e+03   2.3719e+03   2.3534e+03   2.2505e+03   2.1336e+03   2.0511e+03   1.8877e+03   1.7308e+03   1.8170e+03   1.8914e+03   1.8437e+03   1.6034e+03   1.4376e+03   1.3884e+03   1.3516e+03   1.3875e+03   1.7141e+03   2.0038e+03   2.0673e+03   2.1369e+03   2.1505e+03   2.0689e+03   2.0192e+03   1.9426e+03   1.8368e+03   1.7260e+03   1.6898e+03   1.6190e+03   1.5383e+03   1.5352e+03   1.5579e+03   1.5616e+03   1.5043e+03   1.4674e+03   1.4610e+03   1.4458e+03   1.4217e+03   1.3752e+03   1.3355e+03   1.3150e+03   1.2500e+03   1.1934e+03   1.2735e+03   1.3613e+03   1.4123e+03 
  2.7746e+03   2.7852e+03   2.6929e+03   2.5370e+03   2.5161e+03   2.4640e+03   2.3763e+03   2.3020e+03   2.2022e+03   2.0579e+03   1.9544e+03   2.0399e+03   2.0576e+03   1.9548e+03   1.6898e+03   1.5989e+03   1.6818e+03   1.7620e+03   1.8445e+03   2.1177e+03   2.2253e+03   2.1669e+03   2.1258e+03   2.1031e+03   2.0649e+03   2.0173e+03   1.9224e+03   1.8124e+03   1.7351e+03   1.7801e+03   1.7858e+03   1.7347e+03   1.7799e+03   1.8059e+03   1.7876e+03   1.7315e+03   1.6591e+03   1.6757e+03   1.6510e+03   1.6256e+03   1.5952e+03   1.5912e+03   1.6486e+03   1.6410e+03   1.5878e+03   1.6953e+03   1.7635e+03   1.8083e+03 
  2.9200e+03   2.9021e+03   2.7994e+03   2.6588e+03   2.5927e+03   2.5127e+03   2.4326e+03   2.3916e+03   2.2885e+03   2.1678e+03   2.1254e+03   2.1378e+03   2.0999e+03   2.0643e+03   1.9201e+03   1.9389e+03   2.0378e+03   2.1246e+03   2.1827e+03   2.2462e+03   2.2410e+03   2.1712e+03   2.1615e+03   2.1800e+03   2.1580e+03   2.1555e+03   2.0771e+03   1.9856e+03   1.9401e+03   2.1268e+03   2.2409e+03   2.1907e+03   2.1923e+03   2.1533e+03   2.0921e+03   1.9996e+03   1.8748e+03   1.8403e+03   1.8591e+03   1.9334e+03   1.9968e+03   2.0652e+03   2.1141e+03   2.0937e+03   1.9917e+03   2.0321e+03   2.1227e+03   2.2668e+03 
  3.0073e+03   2.9421e+03   2.8163e+03   2.7066e+03   2.5829e+03   2.4838e+03   2.3934e+03   2.3250e+03   2.2544e+03   2.1680e+03   2.1514e+03   2.1727e+03   2.1799e+03   2.2247e+03   2.1830e+03   2.2246e+03   2.2727e+03   2.3237e+03   2.3524e+03   2.3532e+03   2.2922e+03   2.2612e+03   2.3903e+03   2.5290e+03   2.5275e+03   2.5461e+03   2.5074e+03   2.4716e+03   2.4427e+03   2.6631e+03   2.7296e+03   2.6051e+03   2.5310e+03   2.4779e+03   2.3668e+03   2.2426e+03   2.1318e+03   2.1188e+03   2.2009e+03   2.3801e+03   2.4884e+03   2.5345e+03   2.4997e+03   2.4447e+03   2.3733e+03   2.4093e+03   2.5602e+03   2.7928e+03 
  3.0249e+03   2.8928e+03   2.7364e+03   2.6299e+03   2.5191e+03   2.4131e+03   2.3049e+03   2.2228e+03   2.2061e+03   2.1881e+03   2.2392e+03   2.3389e+03   2.3608e+03   2.3994e+03   2.4277e+03   2.4810e+03   2.4927e+03   2.5077e+03   2.5386e+03   2.5668e+03   2.5138e+03   2.5655e+03   2.8131e+03   3.0343e+03   3.0336e+03   2.9755e+03   2.9323e+03   2.8790e+03   2.8874e+03   3.0998e+03   3.1096e+03   2.8958e+03   2.7868e+03   2.7263e+03   2.6330e+03   2.5798e+03   2.4788e+03   2.5079e+03   2.6560e+03   2.8482e+03   2.9218e+03   2.8945e+03   2.8312e+03   2.8180e+03   2.8216e+03   2.8532e+03   3.0468e+03   3.2458e+03 
  2.9146e+03   2.7601e+03   2.6223e+03   2.5042e+03   2.4123e+03   2.3394e+03   2.2793e+03   2.3110e+03   2.3958e+03   2.4252e+03   2.5037e+03   2.6741e+03   2.6285e+03   2.6198e+03   2.6869e+03   2.7710e+03   2.8318e+03   2.8484e+03   2.8490e+03   2.8368e+03   2.8636e+03   2.9760e+03   3.1500e+03   3.2912e+03   3.2622e+03   3.2165e+03   3.1825e+03   3.1337e+03   3.1448e+03   3.3199e+03   3.3751e+03   3.1868e+03   3.0714e+03   3.0490e+03   3.0402e+03   2.9977e+03   2.9315e+03   2.9584e+03   3.0854e+03   3.2247e+03   3.2134e+03   3.1872e+03   3.1486e+03   3.1603e+03   3.1738e+03   3.2120e+03   3.5501e+03   3.8883e+03 
  2.8151e+03   2.6730e+03   2.5550e+03   2.4514e+03   2.3777e+03   2.4467e+03   2.5738e+03   2.7390e+03   2.7934e+03   2.7934e+03   2.8905e+03   3.0341e+03   2.9233e+03   2.9348e+03   3.0633e+03   3.1539e+03   3.2285e+03   3.2650e+03   3.2129e+03   3.2197e+03   3.3047e+03   3.3674e+03   3.3587e+03   3.3378e+03   3.3190e+03   3.3685e+03   3.3299e+03   3.2956e+03   3.3020e+03   3.3884e+03   3.4324e+03   3.3216e+03   3.2739e+03   3.2830e+03   3.3215e+03   3.2756e+03   3.2171e+03   3.2615e+03   3.3850e+03   3.5040e+03   3.4876e+03   3.4865e+03   3.4433e+03   3.4437e+03   3.5149e+03   3.7016e+03   4.0572e+03   4.4803e+03 
  2.8529e+03   2.7547e+03   2.6939e+03   2.7288e+03   2.7740e+03   2.9610e+03   3.1190e+03   3.1955e+03   3.1254e+03   3.1102e+03   3.2446e+03   3.3458e+03   3.2951e+03   3.3934e+03   3.5944e+03   3.6332e+03   3.5523e+03   3.5298e+03   3.4965e+03   3.5861e+03   3.6712e+03   3.6775e+03   3.5784e+03   3.4823e+03   3.4559e+03   3.4309e+03   3.3948e+03   3.3792e+03   3.4142e+03   3.4470e+03   3.3987e+03   3.3395e+03   3.4007e+03   3.3968e+03   3.4149e+03   3.3574e+03   3.3368e+03   3.5125e+03   3.6892e+03   3.8991e+03   3.9872e+03   3.9612e+03   3.9051e+03   3.8277e+03   3.9064e+03   4.1871e+03   4.5132e+03   4.7413e+03 
  3.0705e+03   3.0297e+03   3.0844e+03   3.1876e+03   3.2466e+03   3.3770e+03   3.4052e+03   3.3699e+03   3.2842e+03   3.3557e+03   3.5539e+03   3.7255e+03   3.7463e+03   3.8647e+03   4.0866e+03   4.0512e+03   3.9207e+03   3.8499e+03   3.8021e+03   3.8296e+03   3.8343e+03   3.7460e+03   3.6493e+03   3.5483e+03   3.4846e+03   3.4110e+03   3.4483e+03   3.5207e+03   3.5911e+03   3.5753e+03   3.4346e+03   3.4447e+03   3.6562e+03   3.6697e+03   3.6328e+03   3.6351e+03   3.6893e+03   3.8645e+03   4.0243e+03   4.2763e+03   4.4186e+03   4.4036e+03   4.3338e+03   4.2290e+03   4.2296e+03   4.3519e+03   4.7236e+03   4.8105e+03 
  3.3932e+03   3.3516e+03   3.4041e+03   3.4144e+03   3.3597e+03   3.3901e+03   3.4037e+03   3.4189e+03   3.4415e+03   3.6713e+03   3.9512e+03   4.1268e+03   4.1439e+03   4.2036e+03   4.3174e+03   4.2179e+03   4.1292e+03   4.0292e+03   3.8910e+03   3.8293e+03   3.7598e+03   3.6046e+03   3.5273e+03   3.4310e+03   3.3947e+03   3.4801e+03   3.6545e+03   3.7840e+03   3.9094e+03   3.8795e+03   3.7595e+03   3.8507e+03   4.0907e+03   4.1335e+03   4.0593e+03   4.0600e+03   4.1031e+03   4.1331e+03   4.2613e+03   4.4795e+03   4.6117e+03   4.6427e+03   4.5591e+03   4.4396e+03   4.4735e+03   4.3805e+03   4.7015e+03   4.7572e+03 
  3.6934e+03   3.6215e+03   3.6083e+03   3.5358e+03   3.4181e+03   3.3966e+03   3.4672e+03   3.6333e+03   3.7519e+03   3.9688e+03   4.2280e+03   4.3395e+03   4.3596e+03   4.3216e+03   4.2456e+03   4.1215e+03   4.0172e+03   3.9097e+03   3.7401e+03   3.6559e+03   3.5784e+03   3.4382e+03   3.3565e+03   3.3309e+03   3.4638e+03   3.7163e+03   4.0058e+03   4.2273e+03   4.4052e+03   4.3023e+03   4.2103e+03   4.2765e+03   4.3898e+03   4.3979e+03   4.3376e+03   4.3085e+03   4.2465e+03   4.2453e+03   4.3547e+03   4.5364e+03   4.6481e+03   4.7256e+03   4.6426e+03   4.4698e+03   4.4620e+03   4.3667e+03   4.6512e+03   4.6671e+03 
  3.8537e+03   3.7577e+03   3.7433e+03   3.6515e+03   3.5888e+03   3.6432e+03   3.7178e+03   3.9071e+03   4.0314e+03   4.1622e+03   4.3068e+03   4.3518e+03   4.3172e+03   4.2145e+03   4.0652e+03   3.9636e+03   3.9137e+03   3.8572e+03   3.6752e+03   3.5406e+03   3.5109e+03   3.4654e+03   3.3906e+03   3.5646e+03   3.8562e+03   4.0812e+03   4.3025e+03   4.5087e+03   4.6887e+03   4.5942e+03   4.4646e+03   4.3954e+03   4.4294e+03   4.4046e+03   4.3581e+03   4.3395e+03   4.2553e+03   4.2462e+03   4.4031e+03   4.5981e+03   4.6608e+03   4.6926e+03   4.5380e+03   4.3295e+03   4.2927e+03   4.3342e+03   4.5783e+03   4.5167e+03 
  3.8470e+03   3.7380e+03   3.7902e+03   3.7466e+03   3.7243e+03   3.8577e+03   3.9901e+03   4.1408e+03   4.2344e+03   4.2999e+03   4.3528e+03   4.2616e+03   4.1325e+03   4.0173e+03   3.9345e+03   3.9244e+03   3.9564e+03   3.9783e+03   3.8959e+03   3.7616e+03   3.7588e+03   3.8935e+03   3.9305e+03   4.1465e+03   4.3820e+03   4.5060e+03   4.5464e+03   4.5646e+03   4.6106e+03   4.6138e+03   4.5247e+03   4.3640e+03   4.3287e+03   4.2772e+03   4.2506e+03   4.2195e+03   4.1735e+03   4.1664e+03   4.4119e+03   4.6494e+03   4.6163e+03   4.5691e+03   4.3627e+03   4.1320e+03   4.1585e+03   4.2259e+03   4.3980e+03   4.3434e+03 
  3.7687e+03   3.7130e+03   3.8393e+03   3.8620e+03   3.8796e+03   4.0615e+03   4.2044e+03   4.3303e+03   4.3792e+03   4.3988e+03   4.3679e+03   4.2030e+03   3.9964e+03   3.8887e+03   3.8979e+03   3.9335e+03   3.9920e+03   4.0667e+03   4.0814e+03   4.0389e+03   4.1035e+03   4.3446e+03   4.4292e+03   4.5553e+03   4.6182e+03   4.6175e+03   4.5683e+03   4.5085e+03   4.4595e+03   4.4775e+03   4.4239e+03   4.2706e+03   4.1932e+03   4.1042e+03   4.1667e+03   4.2063e+03   4.1114e+03   4.1543e+03   4.4363e+03   4.5968e+03   4.4967e+03   4.3902e+03   4.1841e+03   3.9800e+03   3.9885e+03   4.0457e+03   4.2143e+03   4.2365e+03 
  3.7739e+03   3.8095e+03   3.9776e+03   4.0564e+03   4.0823e+03   4.2430e+03   4.3110e+03   4.4538e+03   4.4638e+03   4.5310e+03   4.4689e+03   4.2681e+03   4.0122e+03   3.9265e+03   4.0214e+03   4.0573e+03   4.1508e+03   4.2785e+03   4.1931e+03   4.1770e+03   4.3101e+03   4.5286e+03   4.5269e+03   4.5416e+03   4.4965e+03   4.4327e+03   4.3992e+03   4.3204e+03   4.2601e+03   4.2403e+03   4.2314e+03   4.1174e+03   4.0258e+03   3.9472e+03   4.2862e+03   4.5946e+03   4.3551e+03   4.3652e+03   4.5000e+03   4.4757e+03   4.3816e+03   4.2309e+03   3.9991e+03   3.8187e+03   3.8338e+03   3.9072e+03   4.0954e+03   4.1996e+03 
  3.9059e+03   3.9693e+03   4.0698e+03   4.1343e+03   4.1815e+03   4.3025e+03   4.3431e+03   4.4739e+03   4.4780e+03   4.5686e+03   4.5613e+03   4.3735e+03   4.2075e+03   4.1926e+03   4.2929e+03   4.2976e+03   4.3837e+03   4.4126e+03   4.3004e+03   4.2527e+03   4.3289e+03   4.4055e+03   4.3455e+03   4.3168e+03   4.2687e+03   4.2022e+03   4.1570e+03   4.0528e+03   4.0108e+03   3.9853e+03   3.9834e+03   3.9076e+03   3.9128e+03   4.1331e+03   4.8388e+03   4.9121e+03   4.5829e+03   4.5237e+03   4.5138e+03   4.4073e+03   4.3238e+03   4.1397e+03   3.8354e+03   3.6536e+03   3.7152e+03   3.7418e+03   4.0611e+03   4.4552e+03 
  3.9842e+03   3.9705e+03   3.9683e+03   4.0520e+03   4.0938e+03   4.1431e+03   4.2418e+03   4.5627e+03   4.5156e+03   4.5209e+03   4.5000e+03   4.3769e+03   4.3187e+03   4.3587e+03   4.4206e+03   4.3460e+03   4.3207e+03   4.2595e+03   4.1800e+03   4.1413e+03   4.1698e+03   4.1816e+03   4.1950e+03   4.1733e+03   4.2430e+03   4.1049e+03   4.0145e+03   3.9314e+03   3.8810e+03   3.7833e+03   3.7780e+03   3.9447e+03   4.3003e+03   4.8193e+03   5.3259e+03   4.9326e+03   4.5665e+03   4.5774e+03   4.5899e+03   4.4303e+03   4.3091e+03   4.0877e+03   3.7971e+03   3.7071e+03   3.8875e+03   3.9223e+03   4.4242e+03   4.9140e+03 
  3.9677e+03   3.8901e+03   3.8536e+03   3.8316e+03   3.7926e+03   3.9316e+03   4.3100e+03   4.7027e+03   4.5949e+03   4.5277e+03   4.3826e+03   4.3090e+03   4.2529e+03   4.3444e+03   4.3578e+03   4.1920e+03   4.0949e+03   4.0329e+03   3.9386e+03   3.9575e+03   4.2440e+03   4.3865e+03   4.5140e+03   4.5272e+03   4.6001e+03   4.4157e+03   4.2245e+03   4.0852e+03   3.9006e+03   3.7202e+03   4.0134e+03   4.7874e+03   5.3587e+03   5.4844e+03   5.4008e+03   4.8805e+03   4.6981e+03   5.0123e+03   5.0271e+03   4.7851e+03   4.6395e+03   4.3310e+03   4.0928e+03   4.2315e+03   4.4936e+03   4.5172e+03   4.7314e+03   4.7183e+03 
  3.7515e+03   3.6665e+03   3.6121e+03   3.5864e+03   3.9258e+03   4.4420e+03   4.8752e+03   4.9848e+03   4.7334e+03   4.5538e+03   4.3427e+03   4.2448e+03   4.2203e+03   4.2910e+03   4.2037e+03   4.0704e+03   4.1093e+03   4.0897e+03   4.0233e+03   4.3077e+03   4.9523e+03   5.1445e+03   5.3690e+03   5.3536e+03   5.2519e+03   5.1062e+03   4.8864e+03   4.9304e+03   4.5158e+03   4.2974e+03   5.1234e+03   6.0211e+03   6.1509e+03   5.8711e+03   5.5489e+03   5.1522e+03   5.4392e+03   5.8303e+03   5.6924e+03   5.4809e+03   5.2766e+03   4.9725e+03   4.7443e+03   4.4851e+03   4.4198e+03   4.4530e+03   4.2314e+03   3.9943e+03 
  3.4176e+03   3.3962e+03   3.4856e+03   3.9976e+03   4.7006e+03   5.1710e+03   5.3655e+03   5.3410e+03   5.0082e+03   4.7265e+03   4.5366e+03   4.4230e+03   4.5525e+03   4.5727e+03   4.4577e+03   4.6381e+03   5.0636e+03   5.0967e+03   5.0748e+03   5.3336e+03   5.7917e+03   5.7952e+03   5.9402e+03   5.9958e+03   6.1240e+03   6.1737e+03   6.2192e+03   6.5327e+03   6.0703e+03   5.7501e+03   6.3188e+03   6.6335e+03   6.3912e+03   6.1453e+03   5.9679e+03   5.8722e+03   6.0358e+03   6.0059e+03   5.7170e+03   5.2325e+03   4.9252e+03   4.7308e+03   4.3648e+03   3.7275e+03   3.5175e+03   3.6037e+03   3.5167e+03   3.5516e+03 
  3.4888e+03   3.6002e+03   3.9930e+03   4.8088e+03   5.2992e+03   5.5135e+03   5.7706e+03   5.8349e+03   5.5168e+03   5.3641e+03   5.2285e+03   5.2191e+03   5.8063e+03   6.1587e+03   6.3943e+03   6.5171e+03   6.6366e+03   6.4352e+03   6.1173e+03   5.8596e+03   5.8402e+03   5.8372e+03   5.9545e+03   6.1727e+03   6.6213e+03   6.9018e+03   7.1491e+03   7.2483e+03   6.9808e+03   6.6856e+03   6.4816e+03   6.0669e+03   5.8898e+03   5.7922e+03   5.7680e+03   5.6424e+03   5.2962e+03   4.8681e+03   4.5228e+03   4.0147e+03   3.7893e+03   3.6175e+03   3.3191e+03   3.0033e+03   3.0092e+03   3.1315e+03   3.4136e+03   3.6458e+03 
  3.9758e+03   4.2432e+03   4.7420e+03   5.2557e+03   5.4101e+03   5.7650e+03   6.1400e+03   6.1551e+03   5.9987e+03   6.2817e+03   6.7560e+03   7.2657e+03   7.8720e+03   7.8789e+03   7.8047e+03   7.5508e+03   7.0282e+03   6.2269e+03   5.4641e+03   5.1490e+03   5.1950e+03   5.3706e+03   5.6194e+03   5.8838e+03   6.4168e+03   6.6782e+03   6.5455e+03   6.3914e+03   6.4230e+03   6.2358e+03   5.4497e+03   4.7458e+03   4.6574e+03   4.5924e+03   4.5347e+03   4.2872e+03   3.9158e+03   3.5566e+03   3.3456e+03   3.2191e+03   3.1442e+03   3.0490e+03   3.0208e+03   2.9890e+03   3.0103e+03   3.0592e+03   3.3856e+03   3.5456e+03 
  4.7432e+03   4.9704e+03   5.1400e+03   5.0813e+03   5.1529e+03   5.6679e+03   5.8592e+03   5.7094e+03   5.8566e+03   6.6885e+03   7.7049e+03   8.2049e+03   7.7959e+03   7.0612e+03   6.4843e+03   6.2584e+03   5.5078e+03   4.4718e+03   3.7799e+03   3.9022e+03   4.2226e+03   4.5702e+03   4.8360e+03   5.0847e+03   5.4520e+03   5.4320e+03   5.0531e+03   4.9964e+03   5.1583e+03   4.9024e+03   4.0497e+03   3.5540e+03   3.4661e+03   3.4024e+03   3.3750e+03   3.2408e+03   3.1175e+03   3.0216e+03   2.9655e+03   2.9829e+03   2.9858e+03   3.0120e+03   3.0465e+03   2.9387e+03   2.8495e+03   2.8578e+03   3.0532e+03   2.9806e+03 
  5.2923e+03   5.1310e+03   4.7336e+03   4.4251e+03   4.6052e+03   4.9826e+03   4.8360e+03   4.7904e+03   5.2098e+03   5.7912e+03   6.3653e+03   6.3294e+03   5.4833e+03   4.7819e+03   4.2291e+03   4.0801e+03   3.4265e+03   2.7495e+03   2.4254e+03   2.7883e+03   3.1225e+03   3.6208e+03   3.7596e+03   3.9215e+03   4.0286e+03   3.8618e+03   3.7050e+03   3.8072e+03   3.8980e+03   3.5403e+03   3.0600e+03   2.8410e+03   2.7856e+03   2.7615e+03   2.8311e+03   2.7879e+03   2.7837e+03   2.7897e+03   2.7623e+03   2.7235e+03   2.8019e+03   2.8521e+03   2.7574e+03   2.5235e+03   2.4481e+03   2.4819e+03   2.6108e+03   2.4650e+03 
  4.5692e+03   4.1700e+03   3.7807e+03   3.7125e+03   3.8407e+03   3.9558e+03   3.7218e+03   3.8447e+03   3.9512e+03   3.9438e+03   4.0604e+03   3.8835e+03   3.4820e+03   2.9438e+03   2.4537e+03   2.2839e+03   1.9606e+03   1.7311e+03   1.6584e+03   1.9707e+03   2.1993e+03   2.6142e+03   2.6533e+03   2.7241e+03   2.7465e+03   2.6785e+03   2.7187e+03   2.8369e+03   2.9119e+03   2.7009e+03   2.4623e+03   2.3587e+03   2.3741e+03   2.3847e+03   2.4958e+03   2.4599e+03   2.4538e+03   2.4312e+03   2.4011e+03   2.3177e+03   2.4450e+03   2.4743e+03   2.2793e+03   2.0589e+03   2.0165e+03   2.0757e+03   2.1265e+03   2.0918e+03 
  3.2199e+03   2.9527e+03   2.9672e+03   3.0529e+03   3.0094e+03   2.9530e+03   2.6886e+03   2.6448e+03   2.4527e+03   2.4326e+03   2.4524e+03   2.3808e+03   2.2988e+03   1.8067e+03   1.4465e+03   1.3429e+03   1.2944e+03   1.2821e+03   1.2840e+03   1.4607e+03   1.5785e+03   1.7577e+03   1.8013e+03   1.8698e+03   1.9451e+03   1.9819e+03   2.0268e+03   2.0963e+03   2.1801e+03   2.1497e+03   2.0428e+03   1.9744e+03   2.0225e+03   2.0812e+03   2.1556e+03   2.0814e+03   2.0442e+03   1.9819e+03   1.9446e+03   1.8667e+03   1.9781e+03   1.9395e+03   1.8189e+03   1.7139e+03   1.7078e+03   1.7429e+03   1.7410e+03   1.8214e+03 
  2.2658e+03   2.2040e+03   2.3893e+03   2.3554e+03   2.1527e+03   1.9421e+03   1.6154e+03   1.4811e+03   1.4627e+03   1.6159e+03   1.6149e+03   1.5716e+03   1.5214e+03   1.2672e+03   1.1562e+03   1.1374e+03   1.1611e+03   1.1472e+03   1.1550e+03   1.2024e+03   1.2538e+03   1.3107e+03   1.3730e+03   1.4817e+03   1.6239e+03   1.7054e+03   1.7257e+03   1.7318e+03   1.8098e+03   1.8301e+03   1.7372e+03   1.6369e+03   1.7238e+03   1.8470e+03   1.8837e+03   1.7750e+03   1.7034e+03   1.6164e+03   1.5729e+03   1.4726e+03   1.5291e+03   1.4883e+03   1.4740e+03   1.4598e+03   1.4745e+03   1.4629e+03   1.5053e+03   1.5923e+03 
  1.6228e+03   1.6664e+03   1.7892e+03   1.6066e+03   1.2766e+03   1.0320e+03   8.2930e+02   7.9762e+02   8.9246e+02   1.0565e+03   1.1531e+03   1.1666e+03   1.0881e+03   1.0824e+03   1.1736e+03   1.2083e+03   1.2043e+03   1.1451e+03   1.1581e+03   1.1392e+03   1.1790e+03   1.2069e+03   1.1708e+03   1.2711e+03   1.5093e+03   1.6363e+03   1.6324e+03   1.5897e+03   1.6474e+03   1.6485e+03   1.5008e+03   1.3887e+03   1.4831e+03   1.6110e+03   1.6450e+03   1.5299e+03   1.4699e+03   1.3843e+03   1.3264e+03   1.2144e+03   1.2430e+03   1.2653e+03   1.2592e+03   1.2470e+03   1.2736e+03   1.2912e+03   1.3252e+03   1.4098e+03 
  1.0980e+03   1.1146e+03   1.0706e+03   8.7916e+02   6.3113e+02   5.0574e+02   4.5566e+02   4.9663e+02   5.5350e+02   6.7172e+02   8.5127e+02   9.7668e+02   9.7550e+02   1.0622e+03   1.1858e+03   1.2663e+03   1.2807e+03   1.2800e+03   1.2779e+03   1.2156e+03   1.2268e+03   1.2001e+03   9.4922e+02   9.7508e+02   1.2202e+03   1.4606e+03   1.4966e+03   1.4041e+03   1.4249e+03   1.4385e+03   1.3050e+03   1.1612e+03   1.2332e+03   1.2913e+03   1.2784e+03   1.2319e+03   1.2110e+03   1.1611e+03   1.1286e+03   1.0561e+03   1.0575e+03   1.0811e+03   1.0617e+03   1.0409e+03   1.0924e+03   1.1731e+03   1.1958e+03   1.2770e+03 
  6.6576e+02   6.0648e+02   5.0005e+02   4.0408e+02   3.0425e+02   2.8182e+02   3.0035e+02   3.5928e+02   4.0930e+02   4.8639e+02   6.6510e+02   9.0651e+02   1.0189e+03   1.0793e+03   1.1267e+03   1.1882e+03   1.2512e+03   1.3124e+03   1.2609e+03   1.1699e+03   1.1665e+03   1.0908e+03   7.4611e+02   6.7959e+02   7.9255e+02   1.0729e+03   1.2080e+03   1.1558e+03   1.1302e+03   1.1963e+03   1.0971e+03   8.6727e+02   9.0110e+02   9.2619e+02   9.2088e+02   9.5630e+02   9.5486e+02   9.6109e+02   9.4836e+02   8.7113e+02   8.5419e+02   8.7923e+02   8.6584e+02   8.5436e+02   8.5549e+02   9.9358e+02   1.0683e+03   1.1222e+03 
  3.4918e+02   2.8874e+02   2.3200e+02   2.0189e+02   1.7916e+02   1.9275e+02   2.1466e+02   2.7721e+02   3.4685e+02   4.0750e+02   5.4883e+02   8.2119e+02   1.0047e+03   1.0727e+03   1.1002e+03   1.0970e+03   1.0544e+03   1.0405e+03   9.1541e+02   8.2685e+02   8.1564e+02   7.9450e+02   5.9376e+02   5.3651e+02   5.4149e+02   6.7476e+02   7.8169e+02   8.3782e+02   8.3454e+02   8.9237e+02   8.0002e+02   6.0997e+02   6.2496e+02   6.5341e+02   7.0531e+02   7.1868e+02   7.0343e+02   7.5830e+02   7.4163e+02   6.6025e+02   6.5745e+02   6.8464e+02   6.6073e+02   6.4137e+02   6.3293e+02   7.4239e+02   8.5734e+02   9.1100e+02 
  1.8198e+02   1.5072e+02   1.3415e+02   1.2552e+02   1.3562e+02   1.4938e+02   1.6170e+02   2.0655e+02   2.6447e+02   3.3829e+02   4.2573e+02   6.1948e+02   7.8831e+02   8.8784e+02   9.7414e+02   9.6930e+02   7.9899e+02   6.9364e+02   5.2567e+02   4.8187e+02   4.5640e+02   5.1191e+02   4.6960e+02   4.6501e+02   4.3080e+02   4.4637e+02   4.8549e+02   5.7275e+02   5.8861e+02   5.9102e+02   4.9951e+02   4.2463e+02   4.4342e+02   4.7656e+02   5.1751e+02   4.8067e+02   4.7434e+02   5.2905e+02   5.2312e+02   4.7368e+02   4.7657e+02   4.7452e+02   4.2372e+02   3.9300e+02   4.3853e+02   5.2583e+02   5.9486e+02   6.3849e+02 
  1.1224e+02   9.4715e+01   8.7073e+01   9.3738e+01   1.0378e+02   1.2057e+02   1.3341e+02   1.6177e+02   1.8720e+02   2.4562e+02   2.9367e+02   3.9342e+02   4.8895e+02   5.5287e+02   6.2627e+02   6.1633e+02   4.7067e+02   4.1284e+02   2.9523e+02   2.8298e+02   2.5694e+02   3.0391e+02   3.4923e+02   3.5732e+02   2.9892e+02   3.2099e+02   3.4962e+02   4.0385e+02   4.0710e+02   3.9816e+02   3.3391e+02   3.0796e+02   3.0374e+02   3.2632e+02   3.2796e+02   3.0675e+02   3.1519e+02   3.4432e+02   3.4056e+02   2.9616e+02   2.9952e+02   2.8007e+02   2.3924e+02   2.2950e+02   2.7768e+02   3.5683e+02   3.7007e+02   3.9586e+02 
  7.5002e+01   6.9193e+01   6.1906e+01   7.0024e+01   8.1104e+01   9.8557e+01   1.0427e+02   1.2837e+02   1.4474e+02   1.7812e+02   2.1016e+02   2.4761e+02   2.7417e+02   2.9840e+02   3.1001e+02   2.7635e+02   2.1315e+02   2.0746e+02   1.8501e+02   1.7275e+02   1.5436e+02   1.7536e+02   2.2683e+02   2.3853e+02   2.0749e+02   2.4143e+02   2.5669e+02   2.7151e+02   2.7449e+02   2.7837e+02   2.3136e+02   2.0773e+02   1.9133e+02   1.9777e+02   1.9083e+02   1.9498e+02   2.0377e+02   2.1720e+02   2.0497e+02   1.6944e+02   1.7135e+02   1.5990e+02   1.5300e+02   1.6869e+02   2.0130e+02   2.3928e+02   2.4072e+02   2.4947e+02 
  5.5062e+01   5.1132e+01   4.6952e+01   4.9759e+01   5.9999e+01   7.2173e+01   7.6299e+01   9.3371e+01   1.1259e+02   1.3380e+02   1.5546e+02   1.6829e+02   1.6501e+02   1.7119e+02   1.6089e+02   1.2926e+02   1.1353e+02   1.1504e+02   1.3202e+02   1.1373e+02   1.0798e+02   1.1582e+02   1.3496e+02   1.4683e+02   1.5225e+02   1.7837e+02   1.8714e+02   1.7845e+02   1.7889e+02   1.8357e+02   1.4171e+02   1.2464e+02   1.1672e+02   1.1350e+02   1.1294e+02   1.2079e+02   1.2977e+02   1.4218e+02   1.2733e+02   1.0597e+02   1.0833e+02   1.0412e+02   1.1363e+02   1.3774e+02   1.5322e+02   1.6733e+02   1.8269e+02   1.8540e+02 
  4.0870e+01   3.7926e+01   3.6482e+01   3.8248e+01   4.1448e+01   4.7716e+01   5.2630e+01   6.3425e+01   7.6848e+01   9.1967e+01   1.1185e+02   1.1632e+02   1.0706e+02   1.0121e+02   8.9716e+01   7.0279e+01   6.7991e+01   7.4484e+01   8.5380e+01   7.0653e+01   7.0511e+01   7.1756e+01   8.6796e+01   9.9484e+01   1.1082e+02   1.2853e+02   1.2967e+02   1.1470e+02   1.0595e+02   1.0348e+02   8.2002e+01   7.1541e+01   7.5970e+01   7.4184e+01   7.5585e+01   8.2377e+01   8.9231e+01   9.9518e+01   8.8305e+01   7.6104e+01   7.6777e+01   7.7391e+01   8.8438e+01   1.0721e+02   1.1634e+02   1.4020e+02   1.5273e+02   1.5450e+02 
  3.4477e+01   3.1730e+01   2.9339e+01   3.1238e+01   3.1165e+01   3.1842e+01   3.5571e+01   4.2334e+01   5.0590e+01   6.0784e+01   7.6235e+01   7.5350e+01   6.3113e+01   6.1953e+01   5.5226e+01   4.7065e+01   4.5750e+01   4.7051e+01   4.8883e+01   4.5034e+01   4.4247e+01   4.9815e+01   6.1866e+01   7.3299e+01   8.1505e+01   8.9149e+01   7.9767e+01   6.9499e+01   5.7145e+01   5.3462e+01   5.3203e+01   4.9580e+01   5.5598e+01   5.4599e+01   5.3567e+01   5.8049e+01   6.7379e+01   7.5369e+01   6.7465e+01   6.0006e+01   6.1683e+01   6.0338e+01   6.8760e+01   8.3078e+01   9.9789e+01   1.1989e+02   1.1856e+02   1.2168e+02 
  2.9185e+01   2.8244e+01   2.5347e+01   2.4938e+01   2.4353e+01   2.5182e+01   2.8160e+01   3.2407e+01   3.7351e+01   4.4724e+01   5.0098e+01   4.8339e+01   3.8983e+01   4.3339e+01   4.3135e+01   3.9249e+01   3.7193e+01   3.6613e+01   3.4919e+01   3.6037e+01   3.7307e+01   4.1066e+01   4.3859e+01   5.0539e+01   5.4110e+01   5.7556e+01   4.7360e+01   4.3154e+01   3.6818e+01   3.7894e+01   4.2189e+01   4.1554e+01   4.3288e+01   4.4235e+01   4.1483e+01   4.5379e+01   5.1944e+01   5.5659e+01   5.4027e+01   4.7856e+01   4.9959e+01   4.6872e+01   5.4160e+01   7.1648e+01   8.1332e+01   8.8446e+01   8.6107e+01   8.8095e+01 
  2.2573e+01   2.2164e+01   2.4496e+01   2.3575e+01   2.1270e+01   2.2161e+01   2.4694e+01   2.7233e+01   3.0046e+01   3.6181e+01   3.9151e+01   3.5983e+01   3.9271e+01   4.6494e+01   5.1563e+01   3.9642e+01   2.9628e+01   3.0657e+01   2.9373e+01   3.1666e+01   3.4283e+01   3.5211e+01   3.3749e+01   3.8606e+01   3.7096e+01   3.9781e+01   3.5782e+01   3.3558e+01   3.1668e+01   3.5325e+01   3.8380e+01   3.7279e+01   3.6006e+01   3.7778e+01   3.8985e+01   4.1117e+01   4.1739e+01   4.4701e+01   4.5511e+01   4.0518e+01   3.9309e+01   3.9585e+01   5.1168e+01   6.8931e+01   6.4774e+01   7.1135e+01   6.4301e+01   6.5323e+01 
  1.9464e+01   2.0824e+01   2.7036e+01   2.7047e+01   2.3648e+01   2.4134e+01   2.3284e+01   2.2749e+01   2.7276e+01   3.1034e+01   3.4798e+01   4.0083e+01   5.7004e+01   6.5817e+01   6.5818e+01   4.3327e+01   2.9365e+01   2.9206e+01   2.7459e+01   2.7767e+01   2.9466e+01   3.0440e+01   2.8497e+01   3.1830e+01   2.7926e+01   2.9716e+01   3.2224e+01   3.0026e+01   3.1497e+01   3.4219e+01   3.7762e+01   3.7804e+01   3.1643e+01   3.1031e+01   3.6296e+01   3.5873e+01   3.4249e+01   3.9552e+01   3.9474e+01   3.4014e+01   3.3984e+01   3.6051e+01   4.7030e+01   6.2175e+01   6.1002e+01   6.2968e+01   5.3882e+01   5.2156e+01 
  1.8613e+01   2.0917e+01   2.8563e+01   3.0566e+01   2.9678e+01   2.8186e+01   2.3186e+01   2.2027e+01   2.7010e+01   3.0151e+01   3.9976e+01   5.4471e+01   6.9289e+01   8.2388e+01   7.6281e+01   4.7232e+01   3.3897e+01   3.0255e+01   2.6912e+01   2.5510e+01   2.5827e+01   2.7257e+01   2.5892e+01   2.5836e+01   2.6039e+01   2.6599e+01   2.8295e+01   2.7662e+01   2.9917e+01   3.5022e+01   4.1077e+01   3.8690e+01   3.0928e+01   2.9029e+01   3.1308e+01   3.2558e+01   2.9710e+01   3.1404e+01   3.4480e+01   3.3226e+01   3.2317e+01   3.3883e+01   4.0412e+01   5.5830e+01   6.0108e+01   6.0832e+01   4.9028e+01   4.2970e+01 
  1.6937e+01   2.0471e+01   2.8688e+01   2.9574e+01   3.1142e+01   3.1190e+01   2.2736e+01   2.0866e+01   2.6610e+01   3.1613e+01   4.9026e+01   6.7594e+01   7.9461e+01   9.4044e+01   8.4247e+01   5.1469e+01   3.3567e+01   2.9185e+01   2.7441e+01   2.6438e+01   2.4929e+01   2.5007e+01   2.4075e+01   2.4126e+01   2.2830e+01   2.6516e+01   2.7142e+01   2.5888e+01   2.8579e+01   3.5732e+01   4.1099e+01   3.4714e+01   3.3643e+01   3.0386e+01   2.9273e+01   3.1486e+01   2.9596e+01   3.0541e+01   3.6092e+01   3.4072e+01   2.8975e+01   3.1013e+01   3.6642e+01   4.7254e+01   5.0300e+01   5.2445e+01   4.2610e+01   3.6621e+01 
  1.5785e+01   2.0529e+01   2.9010e+01   2.9980e+01   3.4237e+01   3.3538e+01   2.3991e+01   2.1636e+01   2.8792e+01   3.5254e+01   5.4095e+01   7.4137e+01   8.3296e+01   9.0687e+01   7.6026e+01   4.8458e+01   3.2524e+01   3.1369e+01   3.0255e+01   2.5913e+01   2.3647e+01   2.3202e+01   2.3368e+01   2.3397e+01   2.0764e+01   2.4032e+01   2.5891e+01   2.3910e+01   2.7835e+01   3.4498e+01   4.0525e+01   3.5996e+01   3.4899e+01   3.1837e+01   2.9244e+01   2.9483e+01   2.8741e+01   2.8067e+01   2.9838e+01   2.8194e+01   2.8206e+01   2.8836e+01   3.3941e+01   4.2641e+01   4.7410e+01   4.8254e+01   3.6070e+01   3.2251e+01 
  1.4304e+01   1.8169e+01   2.5555e+01   2.7108e+01   3.2970e+01   3.2029e+01   2.5131e+01   2.4810e+01   3.1112e+01   3.7840e+01   5.5390e+01   7.3097e+01   7.3941e+01   8.0177e+01   6.8423e+01   4.3466e+01   3.1878e+01   3.4233e+01   3.4943e+01   2.8488e+01   2.6566e+01   2.5644e+01   2.3149e+01   2.3886e+01   2.1574e+01   2.1266e+01   2.3750e+01   2.1903e+01   2.5187e+01   3.2909e+01   3.9172e+01   3.6519e+01   3.2671e+01   2.8471e+01   2.8531e+01   2.9908e+01   2.8058e+01   2.7379e+01   2.5506e+01   2.4811e+01   2.6026e+01   2.5156e+01   3.4249e+01   4.7331e+01   4.8757e+01   4.2655e+01   2.9410e+01   2.7240e+01 
  1.2708e+01   1.4824e+01   2.0367e+01   2.1711e+01   2.8532e+01   3.0298e+01   2.5450e+01   2.8827e+01   3.2239e+01   3.7085e+01   4.9446e+01   6.2629e+01   6.3996e+01   7.0606e+01   5.8845e+01   4.0915e+01   3.0111e+01   3.1228e+01   3.2473e+01   2.8764e+01   2.5386e+01   2.6673e+01   2.3628e+01   2.2845e+01   2.0059e+01   2.0130e+01   1.9077e+01   1.8302e+01   2.3116e+01   2.8263e+01   3.4238e+01   3.3065e+01   3.0929e+01   2.8374e+01   2.8264e+01   2.8911e+01   2.5940e+01   2.4334e+01   2.3934e+01   2.3003e+01   2.2665e+01   2.0182e+01   2.6927e+01   4.1490e+01   3.8145e+01   3.3848e+01   2.5678e+01   2.2276e+01 
  1.4019e+01   1.3418e+01   1.7947e+01   1.9233e+01   2.3713e+01   2.5701e+01   2.3716e+01   2.9012e+01   3.0377e+01   3.3334e+01   4.0991e+01   4.8315e+01   5.3823e+01   5.6944e+01   4.4602e+01   3.4519e+01   2.6225e+01   2.4434e+01   2.3532e+01   2.2008e+01   2.2126e+01   2.4568e+01   2.1436e+01   1.8724e+01   1.8151e+01   1.7781e+01   1.5529e+01   1.5760e+01   1.8791e+01   2.1789e+01   2.7732e+01   2.9027e+01   2.8512e+01   2.9343e+01   2.5522e+01   2.5468e+01   2.2294e+01   2.1045e+01   2.0802e+01   2.0173e+01   1.8168e+01   1.4328e+01   2.3362e+01   3.9740e+01   3.3418e+01   3.7571e+01   2.5225e+01   2.0307e+01 
  1.3690e+01   1.2376e+01   1.6453e+01   1.7528e+01   2.0486e+01   2.1334e+01   2.2404e+01   2.4076e+01   2.4242e+01   2.7882e+01   3.5152e+01   3.8436e+01   4.3316e+01   4.6411e+01   3.9046e+01   3.0655e+01   2.2426e+01   1.9548e+01   1.9128e+01   1.8357e+01   1.8681e+01   2.0813e+01   1.7226e+01   1.3504e+01   1.4175e+01   1.3661e+01   1.1933e+01   1.4202e+01   1.5886e+01   1.8175e+01   2.2218e+01   2.2799e+01   2.4137e+01   2.4220e+01   2.2105e+01   2.2718e+01   1.8046e+01   1.8418e+01   1.7457e+01   1.6494e+01   1.5085e+01   1.1325e+01   2.2821e+01   4.0611e+01   3.9725e+01   4.3354e+01   2.0629e+01   1.9389e+01 
  1.2191e+01   1.2044e+01   1.4460e+01   1.6622e+01   1.8222e+01   1.8560e+01   1.9925e+01   1.9050e+01   1.8494e+01   2.4597e+01   2.6904e+01   2.7384e+01   3.4908e+01   3.9134e+01   3.4526e+01   2.6320e+01   1.9312e+01   1.5564e+01   1.5454e+01   1.5649e+01   1.4301e+01   1.5744e+01   1.4577e+01   1.1835e+01   1.0441e+01   1.0920e+01   1.1171e+01   1.2897e+01   1.4922e+01   1.5689e+01   1.9260e+01   1.8116e+01   1.9364e+01   1.8762e+01   1.6504e+01   1.8189e+01   1.5575e+01   1.4637e+01   1.4276e+01   1.5012e+01   1.4848e+01   1.2826e+01   2.1721e+01   3.8135e+01   3.5690e+01   3.7935e+01   2.1019e+01   1.9649e+01 
  1.0470e+01   1.1014e+01   1.1864e+01   1.4831e+01   1.4096e+01   1.4167e+01   1.4058e+01   1.5610e+01   1.5531e+01   1.8737e+01   1.8253e+01   1.8496e+01   2.5082e+01   2.7372e+01   2.6618e+01   2.0412e+01   1.5931e+01   1.2299e+01   1.0949e+01   1.0832e+01   1.1393e+01   9.7004e+00   9.5641e+00   1.0290e+01   9.4881e+00   9.1902e+00   1.0590e+01   1.0636e+01   1.2989e+01   1.2416e+01   1.4776e+01   1.3741e+01   1.4959e+01   1.4966e+01   1.1917e+01   1.3177e+01   1.2615e+01   1.1820e+01   1.1492e+01   1.2261e+01   1.2095e+01   1.2724e+01   2.0599e+01   3.3647e+01   3.4260e+01   3.2526e+01   2.0714e+01   1.9394e+01 
  8.3750e+00   8.7484e+00   9.5454e+00   1.2148e+01   1.1644e+01   1.0911e+01   1.0304e+01   1.2317e+01   1.2199e+01   1.3076e+01   1.3246e+01   1.4212e+01   1.7737e+01   1.7351e+01   1.5997e+01   1.3776e+01   1.2289e+01   1.0182e+01   8.9352e+00   7.7828e+00   7.7638e+00   7.2709e+00   7.6379e+00   7.6144e+00   7.6885e+00   7.3649e+00   8.2074e+00   8.2512e+00   9.4231e+00   9.4571e+00   1.1133e+01   1.0898e+01   1.3223e+01   1.2272e+01   9.9012e+00   1.3220e+01   9.6765e+00   1.0220e+01   1.0864e+01   1.1116e+01   1.1492e+01   1.1606e+01   2.5478e+01   4.1594e+01   3.3117e+01   3.0329e+01   1.8314e+01   1.7807e+01 
  6.5861e+00   6.7968e+00   8.4044e+00   9.1035e+00   8.5149e+00   9.0632e+00   8.5691e+00   9.4288e+00   9.4459e+00   9.2164e+00   8.9123e+00   8.9122e+00   1.1138e+01   1.1365e+01   9.2485e+00   8.4313e+00   8.6882e+00   8.0672e+00   7.2882e+00   7.3421e+00   6.1332e+00   7.1611e+00   7.7418e+00   6.5327e+00   5.8276e+00   6.0890e+00   6.7547e+00   6.6298e+00   6.8320e+00   8.2173e+00   8.2693e+00   8.9406e+00   1.0818e+01   1.2053e+01   8.0506e+00   1.2242e+01   8.1759e+00   9.3189e+00   1.0886e+01   1.0066e+01   9.8109e+00   1.0496e+01   2.3141e+01   3.9160e+01   2.8802e+01   3.0607e+01   1.7485e+01   1.7574e+01 
  5.8781e+00   6.1748e+00   6.9118e+00   7.7340e+00   6.8344e+00   6.8707e+00   6.5602e+00   7.3530e+00   7.2466e+00   6.6652e+00   6.4050e+00   5.8004e+00   7.0912e+00   8.8953e+00   7.6108e+00   6.3629e+00   7.1707e+00   7.8424e+00   7.1635e+00   6.1750e+00   5.8553e+00   5.9796e+00   5.1608e+00   4.4870e+00   4.3964e+00   4.5743e+00   7.2010e+00   6.8634e+00   5.1229e+00   6.7141e+00   7.3075e+00   8.1494e+00   1.0350e+01   1.0317e+01   7.0786e+00   1.0640e+01   7.9321e+00   9.1382e+00   1.1526e+01   8.6872e+00   8.3955e+00   9.7159e+00   2.0358e+01   3.4588e+01   2.6415e+01   3.1896e+01   1.8529e+01   1.8983e+01 
  6.2476e+00   5.7235e+00   5.6122e+00   5.9099e+00   4.9529e+00   4.8111e+00   4.6323e+00   4.6428e+00   4.7108e+00   4.6816e+00   4.8772e+00   5.8339e+00   5.9107e+00   6.5649e+00   6.0295e+00   4.5258e+00   5.3682e+00   6.1286e+00   6.3952e+00   4.2882e+00   4.8548e+00   4.7022e+00   3.8767e+00   4.0455e+00   3.8739e+00   4.2874e+00   5.4511e+00   5.3870e+00   4.1434e+00   5.2356e+00   5.8663e+00   7.4174e+00   1.0279e+01   9.8319e+00   7.4305e+00   1.0360e+01   8.1003e+00   7.3210e+00   8.6270e+00   9.6276e+00   1.0003e+01   9.4287e+00   1.8731e+01   3.3874e+01   2.8359e+01   3.1181e+01   1.7252e+01   1.6743e+01 
  5.5301e+00   5.1573e+00   5.2465e+00   5.8265e+00   4.4702e+00   4.6019e+00   3.9938e+00   3.5535e+00   3.6305e+00   3.4429e+00   2.8557e+00   3.4184e+00   4.9562e+00   4.8492e+00   5.3186e+00   4.5525e+00   4.6830e+00   5.8752e+00   5.5792e+00   4.1799e+00   3.9301e+00   4.1627e+00   4.0038e+00   4.5524e+00   3.9643e+00   5.1766e+00   5.1180e+00   4.7915e+00   4.6001e+00   4.7105e+00   4.9058e+00   5.9066e+00   9.2603e+00   9.3026e+00   6.7566e+00   9.1937e+00   6.8126e+00   7.2435e+00   9.2654e+00   9.0841e+00   8.8638e+00   9.0649e+00   1.6396e+01   3.3033e+01   2.8966e+01   2.9156e+01   1.4934e+01   1.4657e+01 
  5.4197e+00   3.9040e+00   4.2332e+00   5.2975e+00   5.1592e+00   4.7846e+00   4.3830e+00   3.4247e+00   3.8813e+00   3.1125e+00   2.3376e+00   3.2024e+00   4.9644e+00   5.0281e+00   4.1317e+00   5.2102e+00   4.5923e+00   3.7422e+00   5.4692e+00   3.3496e+00   3.9347e+00   4.2299e+00   3.6827e+00   4.9596e+00   4.8612e+00   5.9525e+00   5.0992e+00   6.1036e+00   4.5759e+00   4.5577e+00   5.1165e+00   5.8437e+00   7.3229e+00   9.3164e+00   7.2654e+00   9.1977e+00   6.6846e+00   7.3939e+00   9.4073e+00   8.5721e+00   7.7850e+00   8.2268e+00   1.5719e+01   2.9875e+01   2.7591e+01   2.9215e+01   1.2273e+01   1.4523e+01 
  4.4764e+00   3.0127e+00   3.4144e+00   2.9280e+00   3.5058e+00   3.9797e+00   4.6444e+00   4.9206e+00   3.2614e+00   2.8085e+00   3.3145e+00   4.2295e+00   3.4326e+00   4.3153e+00   4.9141e+00   5.2434e+00   3.9339e+00   3.1363e+00   4.4288e+00   3.1514e+00   4.5411e+00   3.8795e+00   3.1158e+00   4.2202e+00   4.1400e+00   5.0145e+00   4.0042e+00   5.5131e+00   4.6461e+00   4.4861e+00   6.2802e+00   5.6969e+00   6.0671e+00   8.8277e+00   7.8222e+00   8.6004e+00   6.5667e+00   6.9004e+00   9.3187e+00   8.9015e+00   1.1040e+01   7.8083e+00   1.5705e+01   2.9928e+01   2.7115e+01   2.9090e+01   1.2013e+01   1.1942e+01 
  4.9847e+00   3.5069e+00   2.8954e+00   2.9179e+00   2.7952e+00   3.0224e+00   4.3794e+00   4.3493e+00   2.4283e+00   2.5313e+00   2.4738e+00   2.3476e+00   2.1685e+00   2.7330e+00   3.8502e+00   5.0024e+00   5.6113e+00   2.7689e+00   3.7240e+00   4.4938e+00   3.9745e+00   2.4457e+00   3.7522e+00   4.4661e+00   4.9318e+00   4.7464e+00   2.7600e+00   3.8472e+00   4.5836e+00   4.2856e+00   5.3303e+00   6.0504e+00   5.6728e+00   9.3435e+00   6.0956e+00   6.0419e+00   7.5609e+00   7.1217e+00   9.6292e+00   6.9398e+00   9.0056e+00   7.2640e+00   1.4966e+01   2.8273e+01   2.6169e+01   2.3952e+01   9.9474e+00   9.6326e+00 
  7.3654e+00   4.4437e+00   3.6423e+00   3.4762e+00   1.5575e+00   2.6380e+00   3.8125e+00   4.0754e+00   2.6098e+00   3.0325e+00   2.9078e+00   2.3597e+00   5.9579e+00   6.7914e+00  -9.9900e+02  -9.9900e+02  -9.9900e+02   2.8131e+00   5.2797e+00   5.5087e+00   1.8776e+00   4.5922e+00   6.9902e+00   4.1328e+00   3.8385e+00   3.5017e+00   4.5113e+00   4.2685e+00   5.2042e+00   4.6989e+00   5.6150e+00   6.0045e+00   5.3025e+00   8.8650e+00   5.8323e+00   5.9372e+00   6.5021e+00   6.4466e+00   8.4892e+00   6.3188e+00   7.0337e+00   8.0741e+00   1.5388e+01   2.6249e+01   2.3900e+01   2.4763e+01   9.5797e+00   8.4241e+00 
  6.6146e+00   5.4690e+00   4.3594e+00   2.3017e+00   2.1479e+00   2.0679e+00   2.1036e+00   2.2358e+00   2.0925e+00   2.3670e+00   3.6126e+00   4.3200e+00   2.8385e+00   2.9534e+00   4.1941e+00   5.4780e+00   6.2301e+00   4.0106e+00   5.1801e+00   5.3098e+00   3.8118e+00   4.0545e+00   4.2060e+00   3.0549e+00   1.9557e+00   2.1194e+00   3.6774e+00   4.5879e+00   3.6691e+00   4.0798e+00   4.8697e+00   6.2685e+00   8.7041e+00   9.0104e+00   5.0154e+00   7.9722e+00   6.0002e+00   5.0831e+00   6.8988e+00   6.6347e+00   6.7705e+00   5.9677e+00   1.4194e+01   2.5555e+01   2.5689e+01   2.8519e+01   1.0341e+01   1.0818e+01 

Na Density Error (cm^(-3))
  7.7374e-01   8.7260e-01   8.7794e-01   7.1258e-01   7.4303e-01   6.6794e-01   6.2953e-01   5.7944e-01   5.3061e-01   4.1472e-01   3.9118e-01   2.7033e-01   3.5693e-01   3.1567e-01   2.6900e-01   2.3953e-01   2.5318e-01   2.8506e-01   2.9602e-01   2.7728e-01   3.0252e-01   3.7585e-01   3.1444e-01   3.1201e-01   2.2214e-01   2.2876e-01   2.9683e-01   1.4998e-01   1.6167e-01   1.8624e-01   3.3150e-01   3.1309e-01   3.6620e-01   4.9028e-01   3.7614e-01   4.9324e-01   3.0415e-01   4.0415e-01   4.0502e-01   3.5383e-01   4.7511e-01   3.9966e-01   9.9755e-01   1.7560e+00   1.2762e+00   1.2541e+00   4.7611e-01   7.0828e-01 
  1.3613e+00   1.5730e+00   1.4736e+00   1.3613e+00   1.4857e+00   1.2735e+00   1.2855e+00   1.1798e+00   9.5982e-01   7.2293e-01   5.2888e-01   3.3015e-01   3.1063e-01   2.4117e-01   3.4830e-01   3.5483e-01   5.9629e-01   6.4410e-01   7.9123e-01   8.2317e-01   8.2913e-01   4.3686e-01   3.3819e-01   3.8287e-01   2.8853e-01   4.2105e-01   5.5643e-01   3.8001e-01   2.6958e-01   2.7597e-01   3.3016e-01   2.9656e-01   3.8403e-01   5.6117e-01   4.4270e-01   4.8673e-01   4.7445e-01   4.8648e-01   3.9840e-01   3.9788e-01   4.8459e-01   3.0682e-01   8.7329e-01   1.6075e+00   1.2089e+00   1.1576e+00   5.0228e-01   8.5691e-01 
  2.0901e+00   2.0878e+00   1.9520e+00   1.8802e+00   1.9039e+00   1.7125e+00   1.5329e+00   1.4721e+00   1.2537e+00   9.9985e-01   7.5109e-01   5.1561e-01   5.2748e-01   5.4545e-01   1.1572e+00   1.2707e+00   1.6659e+00   1.5451e+00   1.4470e+00   1.4158e+00   1.2761e+00   7.9950e-01   3.7657e-01   2.8632e-01   2.3437e-01   3.3965e-01   7.4996e-01   6.8557e-01   4.5293e-01   4.9879e-01   9.5435e-01   1.1330e+00   6.4089e-01   1.1527e+00   1.0473e+00   1.3391e+00   1.0411e+00   9.3783e-01   7.6056e-01   6.7186e-01   5.7802e-01   3.4339e-01   1.1813e+00   2.1638e+00   1.5010e+00   1.3727e+00   7.5389e-01   7.9531e-01 
  2.6583e+00   2.4113e+00   2.3040e+00   2.1556e+00   2.1233e+00   2.0768e+00   1.7837e+00   1.6531e+00   1.4804e+00   1.2378e+00   1.0405e+00   8.7199e-01   1.0143e+00   1.3840e+00   2.2961e+00   2.4058e+00   2.6155e+00   2.3776e+00   2.1272e+00   2.0461e+00   1.7040e+00   1.1146e+00   6.4136e-01   4.4646e-01   5.0464e-01   1.0104e+00   1.7602e+00   1.7555e+00   1.4814e+00   1.6618e+00   2.1540e+00   2.1097e+00   1.3395e+00   2.1207e+00   1.9170e+00   2.1138e+00   1.6416e+00   1.4717e+00   1.2896e+00   9.2822e-01   6.7693e-01   5.4650e-01   1.6313e+00   3.2430e+00   2.9012e+00   2.6357e+00   1.6760e+00   1.7340e+00 
  3.2048e+00   2.7586e+00   2.6388e+00   2.5772e+00   2.6092e+00   2.6518e+00   2.4313e+00   2.0954e+00   1.8489e+00   1.7730e+00   1.6111e+00   1.6509e+00   2.0526e+00   2.4996e+00   2.9998e+00   3.1906e+00   3.6767e+00   3.3719e+00   2.7416e+00   2.4510e+00   2.0721e+00   1.4977e+00   1.1187e+00   9.1904e-01   1.4747e+00   2.3563e+00   3.3070e+00   3.3417e+00   2.8644e+00   2.8953e+00   3.0041e+00   2.6941e+00   2.1799e+00   2.7040e+00   2.3123e+00   2.5267e+00   2.0946e+00   1.7149e+00   1.4867e+00   1.1799e+00   8.9960e-01   9.4441e-01   2.4965e+00   4.7985e+00   4.5621e+00   4.3836e+00   2.7338e+00   2.8027e+00 
  4.0466e+00   3.4718e+00   3.3093e+00   3.3631e+00   3.3069e+00   3.3905e+00   3.1193e+00   2.7076e+00   2.5327e+00   2.5149e+00   2.3005e+00   2.4724e+00   3.0033e+00   3.3581e+00   3.8508e+00   4.4069e+00   4.9823e+00   4.5520e+00   3.3020e+00   2.7342e+00   2.3395e+00   1.9075e+00   1.6936e+00   1.7818e+00   2.8579e+00   3.6572e+00   4.2558e+00   4.0783e+00   3.4732e+00   3.2199e+00   3.2706e+00   2.9553e+00   2.8879e+00   2.9228e+00   2.5512e+00   2.9477e+00   2.8600e+00   2.2286e+00   1.9701e+00   1.8106e+00   1.8078e+00   2.1180e+00   3.8422e+00   6.2385e+00   5.2610e+00   5.3010e+00   3.3797e+00   3.4247e+00 
  5.2855e+00   4.5571e+00   4.1006e+00   4.0518e+00   3.9379e+00   3.8346e+00   3.4550e+00   3.1831e+00   3.1616e+00   3.0695e+00   2.8298e+00   3.0763e+00   4.1754e+00   4.5150e+00   5.0617e+00   5.6399e+00   5.7124e+00   5.1629e+00   4.0248e+00   3.3647e+00   2.6345e+00   2.3769e+00   2.5631e+00   3.0366e+00   4.0060e+00   4.4850e+00   4.7568e+00   4.2634e+00   3.7781e+00   3.7170e+00   4.0437e+00   3.6841e+00   3.9619e+00   3.8287e+00   3.6404e+00   4.1332e+00   4.1495e+00   3.5902e+00   3.4472e+00   3.2938e+00   3.3702e+00   3.3336e+00   4.4804e+00   6.5972e+00   5.9525e+00   5.9295e+00   3.6973e+00   3.7581e+00 
  6.5051e+00   5.3360e+00   4.7961e+00   4.6178e+00   4.3435e+00   4.1068e+00   3.8445e+00   3.8080e+00   3.6677e+00   3.5269e+00   3.5587e+00   4.0842e+00   5.4378e+00   5.4746e+00   5.8435e+00   6.0223e+00   5.8582e+00   5.4679e+00   4.8755e+00   4.3259e+00   3.3059e+00   3.3400e+00   3.8376e+00   4.1541e+00   4.7063e+00   4.8993e+00   4.9318e+00   4.5679e+00   4.4076e+00   4.9429e+00   5.1655e+00   4.8143e+00   5.0139e+00   5.2816e+00   4.8975e+00   5.3735e+00   5.0047e+00   4.7628e+00   4.7442e+00   4.4571e+00   4.2432e+00   3.6627e+00   4.6478e+00   6.8764e+00   6.1522e+00   6.2320e+00   3.8312e+00   3.9113e+00 
  7.1010e+00   5.7950e+00   5.3948e+00   5.1361e+00   4.7526e+00   4.5946e+00   4.6838e+00   5.0230e+00   4.6878e+00   4.3345e+00   4.7004e+00   5.3943e+00   5.9701e+00   5.7719e+00   6.0277e+00   5.9080e+00   5.7554e+00   5.5685e+00   5.1618e+00   4.8440e+00   4.1842e+00   4.3045e+00   4.6785e+00   4.7894e+00   5.2330e+00   5.2210e+00   5.0058e+00   5.0923e+00   5.4793e+00   6.0288e+00   5.9553e+00   5.7089e+00   5.7056e+00   6.4182e+00   5.5803e+00   5.9746e+00   5.2594e+00   5.0075e+00   5.1511e+00   4.6008e+00   4.4486e+00   3.8517e+00   4.9121e+00   7.3381e+00   6.1863e+00   6.5019e+00   3.9846e+00   4.1477e+00 
  7.1957e+00   6.0793e+00   5.7843e+00   5.4908e+00   5.3973e+00   5.5541e+00   5.8041e+00   6.1850e+00   5.6288e+00   5.3404e+00   5.8116e+00   6.1514e+00   6.0827e+00   5.9300e+00   6.0485e+00   5.7884e+00   5.6820e+00   5.4782e+00   5.1654e+00   4.8281e+00   4.6880e+00   4.8393e+00   5.0367e+00   5.3950e+00   5.6475e+00   5.6334e+00   5.7854e+00   6.1497e+00   6.2833e+00   6.2766e+00   6.2947e+00   6.2623e+00   6.3515e+00   7.0239e+00   5.7907e+00   6.1947e+00   5.3221e+00   4.9340e+00   5.1362e+00   4.6925e+00   4.6628e+00   4.1972e+00   5.4185e+00   8.1157e+00   6.6385e+00   6.8314e+00   4.4298e+00   4.8043e+00 
  7.2895e+00   6.2270e+00   6.2354e+00   5.9907e+00   6.2349e+00   6.7419e+00   6.7894e+00   6.6362e+00   6.2375e+00   6.0228e+00   6.2858e+00   6.2350e+00   6.1338e+00   6.0290e+00   6.0527e+00   5.7982e+00   5.5754e+00   5.3576e+00   5.1279e+00   4.8085e+00   5.0252e+00   5.4534e+00   5.7924e+00   6.2353e+00   6.3978e+00   6.3922e+00   6.6469e+00   6.7903e+00   6.3957e+00   6.1667e+00   6.3997e+00   6.5372e+00   6.6730e+00   6.9931e+00   5.7519e+00   6.2988e+00   5.2785e+00   4.9885e+00   5.2900e+00   5.0370e+00   4.9210e+00   4.5979e+00   5.7765e+00   8.6613e+00   7.4027e+00   7.5037e+00   5.1573e+00   5.4516e+00 
  7.8462e+00   6.7655e+00   7.0999e+00   6.9701e+00   7.1273e+00   7.3324e+00   7.2024e+00   6.8432e+00   6.6265e+00   6.3378e+00   6.2783e+00   6.2371e+00   6.3186e+00   6.2340e+00   6.1405e+00   5.8065e+00   5.5195e+00   5.3445e+00   5.1043e+00   5.1320e+00   5.8436e+00   6.2627e+00   6.6491e+00   6.9461e+00   7.0009e+00   6.8031e+00   6.8088e+00   6.7397e+00   6.2349e+00   6.0704e+00   6.2408e+00   6.4040e+00   6.5697e+00   6.9690e+00   5.8776e+00   6.5047e+00   5.5599e+00   5.3277e+00   5.7075e+00   5.4530e+00   5.3537e+00   4.9244e+00   6.0423e+00   9.0003e+00   8.1953e+00   8.4388e+00   5.9295e+00   6.1507e+00 
  8.6313e+00   7.7290e+00   7.8472e+00   7.6835e+00   7.6795e+00   7.5235e+00   7.2976e+00   7.1257e+00   6.9046e+00   6.5525e+00   6.3330e+00   6.6887e+00   6.8878e+00   6.6472e+00   6.2136e+00   5.8327e+00   5.7085e+00   5.6396e+00   5.5336e+00   6.1045e+00   6.7089e+00   6.7937e+00   6.9557e+00   7.0895e+00   6.9742e+00   6.7272e+00   6.6964e+00   6.6468e+00   6.1993e+00   6.0892e+00   6.2386e+00   6.3829e+00   6.6356e+00   7.3447e+00   6.2661e+00   6.9791e+00   5.9650e+00   5.9172e+00   6.2909e+00   5.9239e+00   5.8283e+00   5.2971e+00   6.5479e+00   9.7519e+00   8.9427e+00   9.6528e+00   6.7087e+00   7.3034e+00 
  9.1332e+00   8.3276e+00   8.1329e+00   7.9454e+00   7.9818e+00   7.7680e+00   7.5244e+00   7.4686e+00   7.1904e+00   6.8857e+00   6.7574e+00   7.1445e+00   7.2557e+00   6.9268e+00   6.4077e+00   6.1353e+00   6.2866e+00   6.4860e+00   6.4125e+00   6.8735e+00   7.1241e+00   7.0206e+00   6.9620e+00   6.9464e+00   6.9712e+00   6.7357e+00   6.6739e+00   6.5891e+00   6.1947e+00   6.2532e+00   6.6502e+00   6.8921e+00   7.2336e+00   7.9882e+00   6.7239e+00   7.5622e+00   6.3159e+00   6.3790e+00   6.7418e+00   6.3280e+00   6.2599e+00   5.7932e+00   7.4897e+00   1.1343e+01   1.0239e+01   1.1294e+01   7.6464e+00   8.2432e+00 
  9.3934e+00   8.4873e+00   8.3370e+00   8.1835e+00   8.1041e+00   7.8784e+00   7.6104e+00   7.6906e+00   7.3811e+00   7.0748e+00   7.1438e+00   7.3551e+00   7.3162e+00   7.1329e+00   6.8959e+00   6.8153e+00   6.9204e+00   7.1354e+00   7.0693e+00   7.0881e+00   7.1949e+00   7.0478e+00   7.0795e+00   7.1262e+00   7.1487e+00   7.0414e+00   6.9775e+00   6.9010e+00   6.5740e+00   6.8723e+00   7.4610e+00   7.7805e+00   8.0579e+00   8.7215e+00   7.2958e+00   8.0805e+00   6.7247e+00   6.6001e+00   7.1165e+00   6.9330e+00   7.0749e+00   6.6500e+00   8.7690e+00   1.3257e+01   1.1518e+01   1.2361e+01   8.4211e+00   9.2266e+00 
  9.5706e+00   8.5976e+00   8.3835e+00   8.3275e+00   8.1061e+00   7.8770e+00   7.5884e+00   7.5803e+00   7.3237e+00   7.0869e+00   7.2666e+00   7.4630e+00   7.5080e+00   7.3989e+00   7.3675e+00   7.3715e+00   7.3597e+00   7.4721e+00   7.3727e+00   7.3107e+00   7.2752e+00   7.1643e+00   7.4570e+00   7.7342e+00   7.7623e+00   7.6667e+00   7.7043e+00   7.8096e+00   7.4723e+00   7.7322e+00   8.2564e+00   8.5340e+00   8.6758e+00   9.4055e+00   7.8024e+00   8.5585e+00   7.2084e+00   7.1236e+00   7.7854e+00   7.7618e+00   8.0252e+00   7.4322e+00   9.4789e+00   1.4381e+01   1.2849e+01   1.3512e+01   9.3093e+00   1.0423e+01 
  9.7182e+00   8.5827e+00   8.3105e+00   8.2387e+00   8.0962e+00   7.8306e+00   7.5115e+00   7.3998e+00   7.2355e+00   7.1430e+00   7.4129e+00   7.7464e+00   7.8503e+00   7.6504e+00   7.7990e+00   7.8283e+00   7.7593e+00   7.8026e+00   7.6882e+00   7.6493e+00   7.6529e+00   7.6753e+00   8.1278e+00   8.5216e+00   8.6087e+00   8.2680e+00   8.3784e+00   8.4536e+00   8.1625e+00   8.3835e+00   8.8558e+00   9.0070e+00   9.1531e+00   9.9341e+00   8.2235e+00   9.2573e+00   7.7674e+00   7.8144e+00   8.6462e+00   8.5598e+00   8.7897e+00   7.9807e+00   1.0156e+01   1.5510e+01   1.4333e+01   1.4903e+01   1.0272e+01   1.1248e+01 
  9.5842e+00   8.3794e+00   8.1918e+00   8.0691e+00   7.9404e+00   7.7414e+00   7.4670e+00   7.5922e+00   7.5943e+00   7.5834e+00   7.8319e+00   8.3276e+00   8.2818e+00   8.0380e+00   8.2417e+00   8.2750e+00   8.3010e+00   8.3638e+00   8.2019e+00   8.0264e+00   8.2344e+00   8.3427e+00   8.6726e+00   8.9121e+00   8.9668e+00   8.6205e+00   8.7320e+00   8.8508e+00   8.5719e+00   8.7275e+00   9.2672e+00   9.4878e+00   9.6345e+00   1.0559e+01   8.8960e+00   9.9755e+00   8.4975e+00   8.5399e+00   9.3651e+00   9.1580e+00   9.2228e+00   8.4493e+00   1.0738e+01   1.6283e+01   1.5262e+01   1.5895e+01   1.1121e+01   1.2339e+01 
  9.4048e+00   8.2621e+00   8.1204e+00   8.0180e+00   7.8302e+00   7.9096e+00   7.9605e+00   8.3083e+00   8.2709e+00   8.1650e+00   8.4486e+00   8.9660e+00   8.7889e+00   8.5718e+00   8.8617e+00   8.8532e+00   8.9014e+00   9.0602e+00   8.7211e+00   8.6757e+00   8.9100e+00   8.9415e+00   8.9904e+00   8.9764e+00   9.0510e+00   8.9353e+00   8.9654e+00   9.0935e+00   8.8644e+00   8.8232e+00   9.4049e+00   9.7260e+00   9.9710e+00   1.0955e+01   9.3612e+00   1.0544e+01   9.0143e+00   9.0432e+00   9.8523e+00   9.6188e+00   9.6553e+00   8.8870e+00   1.1183e+01   1.7021e+01   1.6291e+01   1.7341e+01   1.1919e+01   1.3405e+01 
  9.5162e+00   8.4390e+00   8.3214e+00   8.5313e+00   8.5258e+00   8.7217e+00   8.8846e+00   9.0408e+00   8.7858e+00   8.6272e+00   9.0465e+00   9.4120e+00   9.4074e+00   9.2787e+00   9.7233e+00   9.6224e+00   9.3961e+00   9.4794e+00   9.0722e+00   9.2370e+00   9.4109e+00   9.4292e+00   9.3412e+00   9.1931e+00   9.3832e+00   9.0353e+00   9.1300e+00   9.2445e+00   9.0756e+00   8.9614e+00   9.3821e+00   9.7632e+00   1.0232e+01   1.1134e+01   9.5298e+00   1.0725e+01   9.1655e+00   9.4555e+00   1.0314e+01   1.0196e+01   1.0479e+01   9.5056e+00   1.2241e+01   1.8403e+01   1.7203e+01   1.8629e+01   1.2717e+01   1.3840e+01 
  9.9018e+00   8.9325e+00   8.9497e+00   9.2700e+00   9.3193e+00   9.4025e+00   9.3348e+00   9.3111e+00   8.9916e+00   9.0673e+00   9.5279e+00   1.0007e+01   1.0103e+01   9.9494e+00   1.0459e+01   1.0207e+01   9.9835e+00   9.9611e+00   9.5757e+00   9.5806e+00   9.6694e+00   9.5282e+00   9.5223e+00   9.3538e+00   9.4992e+00   9.0040e+00   9.2406e+00   9.5368e+00   9.3869e+00   9.2029e+00   9.4438e+00   1.0018e+01   1.0720e+01   1.1693e+01   9.8795e+00   1.1191e+01   9.6673e+00   9.9469e+00   1.0833e+01   1.0726e+01   1.1134e+01   1.0106e+01   1.2886e+01   1.9176e+01   1.7743e+01   1.8936e+01   1.3140e+01   1.4025e+01 
  1.0476e+01   9.4776e+00   9.5103e+00   9.6325e+00   9.5056e+00   9.4402e+00   9.3705e+00   9.4053e+00   9.2478e+00   9.5689e+00   1.0114e+01   1.0632e+01   1.0683e+01   1.0428e+01   1.0807e+01   1.0422e+01   1.0351e+01   1.0270e+01   9.7634e+00   9.6207e+00   9.6317e+00   9.3535e+00   9.3963e+00   9.2665e+00   9.3354e+00   9.1849e+00   9.6025e+00   9.9011e+00   9.8596e+00   9.6615e+00   9.9604e+00   1.0715e+01   1.1410e+01   1.2534e+01   1.0551e+01   1.1876e+01   1.0343e+01   1.0272e+01   1.1208e+01   1.1033e+01   1.1407e+01   1.0444e+01   1.3109e+01   1.9442e+01   1.8672e+01   1.9200e+01   1.3210e+01   1.4049e+01 
  1.1013e+01   9.8934e+00   9.8884e+00   9.8453e+00   9.6955e+00   9.4598e+00   9.4940e+00   9.8010e+00   9.7934e+00   9.9430e+00   1.0526e+01   1.0893e+01   1.1070e+01   1.0686e+01   1.0714e+01   1.0387e+01   1.0204e+01   1.0142e+01   9.6017e+00   9.4107e+00   9.4208e+00   9.2180e+00   9.1845e+00   9.1469e+00   9.4417e+00   9.5526e+00   1.0132e+01   1.0548e+01   1.0562e+01   1.0232e+01   1.0648e+01   1.1392e+01   1.1881e+01   1.3004e+01   1.0983e+01   1.2371e+01   1.0603e+01   1.0492e+01   1.1382e+01   1.1172e+01   1.1505e+01   1.0617e+01   1.3254e+01   1.9689e+01   1.8607e+01   1.9206e+01   1.3221e+01   1.4054e+01 
  1.1303e+01   1.0095e+01   1.0141e+01   1.0034e+01   1.0014e+01   9.9029e+00   9.8621e+00   1.0222e+01   1.0239e+01   1.0260e+01   1.0674e+01   1.0974e+01   1.1072e+01   1.0654e+01   1.0502e+01   1.0241e+01   1.0085e+01   1.0094e+01   9.5896e+00   9.2898e+00   9.3619e+00   9.3182e+00   9.2225e+00   9.5120e+00   9.9906e+00   1.0062e+01   1.0538e+01   1.0959e+01   1.0946e+01   1.0594e+01   1.1035e+01   1.1572e+01   1.2032e+01   1.3130e+01   1.1053e+01   1.2536e+01   1.0695e+01   1.0610e+01   1.1587e+01   1.1359e+01   1.1605e+01   1.0653e+01   1.3104e+01   1.9430e+01   1.8190e+01   1.9256e+01   1.3251e+01   1.3909e+01 
  1.1390e+01   1.0070e+01   1.0270e+01   1.0247e+01   1.0208e+01   1.0214e+01   1.0323e+01   1.0584e+01   1.0553e+01   1.0514e+01   1.0851e+01   1.0877e+01   1.0829e+01   1.0386e+01   1.0378e+01   1.0231e+01   1.0219e+01   1.0315e+01   9.9728e+00   9.6605e+00   9.7000e+00   9.9413e+00   1.0020e+01   1.0351e+01   1.0794e+01   1.0707e+01   1.0868e+01   1.1066e+01   1.0853e+01   1.0706e+01   1.1196e+01   1.1566e+01   1.1955e+01   1.2982e+01   1.0985e+01   1.2364e+01   1.0625e+01   1.0543e+01   1.1675e+01   1.1503e+01   1.1565e+01   1.0540e+01   1.2829e+01   1.8886e+01   1.8336e+01   1.9253e+01   1.3034e+01   1.3705e+01 
  1.1322e+01   1.0111e+01   1.0396e+01   1.0462e+01   1.0477e+01   1.0558e+01   1.0707e+01   1.0895e+01   1.0761e+01   1.0688e+01   1.0863e+01   1.0808e+01   1.0671e+01   1.0229e+01   1.0385e+01   1.0283e+01   1.0301e+01   1.0457e+01   1.0260e+01   1.0087e+01   1.0187e+01   1.0619e+01   1.0737e+01   1.0971e+01   1.1236e+01   1.0932e+01   1.0943e+01   1.1071e+01   1.0732e+01   1.0664e+01   1.1132e+01   1.1532e+01   1.1859e+01   1.2788e+01   1.0974e+01   1.2469e+01   1.0596e+01   1.0576e+01   1.1779e+01   1.1534e+01   1.1511e+01   1.0392e+01   1.2777e+01   1.9117e+01   1.8024e+01   1.8917e+01   1.2732e+01   1.3703e+01 
  1.1344e+01   1.0312e+01   1.0577e+01   1.0795e+01   1.0783e+01   1.0897e+01   1.0799e+01   1.1145e+01   1.0903e+01   1.0948e+01   1.0981e+01   1.0999e+01   1.0735e+01   1.0349e+01   1.0619e+01   1.0510e+01   1.0526e+01   1.0803e+01   1.0392e+01   1.0297e+01   1.0489e+01   1.0906e+01   1.0979e+01   1.1079e+01   1.1138e+01   1.0754e+01   1.0851e+01   1.0923e+01   1.0584e+01   1.0391e+01   1.0970e+01   1.1445e+01   1.1659e+01   1.2548e+01   1.1140e+01   1.3195e+01   1.0959e+01   1.0946e+01   1.1952e+01   1.1385e+01   1.1425e+01   1.0261e+01   1.2584e+01   1.9119e+01   1.7715e+01   1.8727e+01   1.2647e+01   1.3722e+01 
  1.1550e+01   1.0551e+01   1.0713e+01   1.0970e+01   1.0996e+01   1.1019e+01   1.0868e+01   1.1211e+01   1.1018e+01   1.1082e+01   1.1229e+01   1.1227e+01   1.1045e+01   1.0760e+01   1.1085e+01   1.0896e+01   1.0963e+01   1.1057e+01   1.0643e+01   1.0435e+01   1.0622e+01   1.0789e+01   1.0834e+01   1.0898e+01   1.0901e+01   1.0534e+01   1.0615e+01   1.0627e+01   1.0293e+01   1.0039e+01   1.0688e+01   1.1210e+01   1.1552e+01   1.2938e+01   1.2005e+01   1.3522e+01   1.1297e+01   1.1213e+01   1.2019e+01   1.1304e+01   1.1369e+01   1.0202e+01   1.2103e+01   1.8130e+01   1.7510e+01   1.8216e+01   1.2654e+01   1.4171e+01 
  1.1751e+01   1.0620e+01   1.0574e+01   1.0881e+01   1.0955e+01   1.0865e+01   1.0846e+01   1.1527e+01   1.1180e+01   1.1102e+01   1.1284e+01   1.1299e+01   1.1286e+01   1.1084e+01   1.1369e+01   1.1044e+01   1.0970e+01   1.0919e+01   1.0566e+01   1.0355e+01   1.0612e+01   1.0546e+01   1.0649e+01   1.0721e+01   1.1018e+01   1.0442e+01   1.0459e+01   1.0488e+01   1.0214e+01   9.8232e+00   1.0434e+01   1.1264e+01   1.2173e+01   1.4132e+01   1.2708e+01   1.3571e+01   1.1343e+01   1.1337e+01   1.2165e+01   1.1427e+01   1.1405e+01   1.0162e+01   1.2341e+01   1.8673e+01   1.8090e+01   1.8768e+01   1.3231e+01   1.5046e+01 
  1.1816e+01   1.0544e+01   1.0489e+01   1.0599e+01   1.0597e+01   1.0661e+01   1.1066e+01   1.1774e+01   1.1331e+01   1.1174e+01   1.1148e+01   1.1324e+01   1.1295e+01   1.1183e+01   1.1377e+01   1.0900e+01   1.0696e+01   1.0734e+01   1.0281e+01   1.0182e+01   1.0790e+01   1.0819e+01   1.1111e+01   1.1137e+01   1.1522e+01   1.0902e+01   1.0774e+01   1.0835e+01   1.0295e+01   9.7954e+00   1.0814e+01   1.2404e+01   1.3654e+01   1.5118e+01   1.2781e+01   1.3637e+01   1.1520e+01   1.1952e+01   1.2760e+01   1.1939e+01   1.1914e+01   1.0487e+01   1.3099e+01   2.0328e+01   1.9642e+01   2.0356e+01   1.3876e+01   1.4753e+01 
  1.1584e+01   1.0293e+01   1.0308e+01   1.0306e+01   1.0873e+01   1.1434e+01   1.1891e+01   1.2090e+01   1.1534e+01   1.1213e+01   1.1153e+01   1.1324e+01   1.1355e+01   1.1146e+01   1.1160e+01   1.0785e+01   1.0815e+01   1.0897e+01   1.0467e+01   1.0696e+01   1.1717e+01   1.1824e+01   1.2230e+01   1.2183e+01   1.2287e+01   1.1841e+01   1.1592e+01   1.2060e+01   1.1090e+01   1.0496e+01   1.2355e+01   1.4082e+01   1.4742e+01   1.5695e+01   1.2995e+01   1.4054e+01   1.2487e+01   1.2907e+01   1.3574e+01   1.2843e+01   1.2756e+01   1.1298e+01   1.4006e+01   2.0716e+01   1.9775e+01   2.0683e+01   1.3293e+01   1.3562e+01 
  1.1193e+01   1.0063e+01   1.0182e+01   1.1109e+01   1.2021e+01   1.2449e+01   1.2505e+01   1.2602e+01   1.1963e+01   1.1428e+01   1.1509e+01   1.1596e+01   1.1989e+01   1.1525e+01   1.1452e+01   1.1578e+01   1.2115e+01   1.2134e+01   1.1801e+01   1.1973e+01   1.2821e+01   1.2685e+01   1.2967e+01   1.3033e+01   1.3408e+01   1.3136e+01   1.3254e+01   1.4027e+01   1.2970e+01   1.2263e+01   1.3812e+01   1.4944e+01   1.5104e+01   1.6222e+01   1.3519e+01   1.5256e+01   1.3354e+01   1.3173e+01   1.3775e+01   1.2651e+01   1.2382e+01   1.1105e+01   1.3231e+01   1.8780e+01   1.7622e+01   1.8922e+01   1.2247e+01   1.2953e+01 
  1.1375e+01   1.0460e+01   1.0901e+01   1.2282e+01   1.2856e+01   1.2851e+01   1.3036e+01   1.3278e+01   1.2655e+01   1.2258e+01   1.2358e+01   1.2554e+01   1.3651e+01   1.3436e+01   1.3850e+01   1.3844e+01   1.3992e+01   1.3767e+01   1.3138e+01   1.2664e+01   1.2932e+01   1.2874e+01   1.3054e+01   1.3288e+01   1.4090e+01   1.3960e+01   1.4476e+01   1.4840e+01   1.4094e+01   1.3470e+01   1.4007e+01   1.4266e+01   1.4549e+01   1.5835e+01   1.3359e+01   1.5123e+01   1.2587e+01   1.1894e+01   1.2302e+01   1.1146e+01   1.0956e+01   9.7470e+00   1.1660e+01   1.7061e+01   1.6546e+01   1.7566e+01   1.2089e+01   1.3335e+01 
  1.2110e+01   1.1398e+01   1.2002e+01   1.2842e+01   1.2995e+01   1.3249e+01   1.3542e+01   1.3679e+01   1.3265e+01   1.3401e+01   1.4218e+01   1.5017e+01   1.6054e+01   1.5459e+01   1.5668e+01   1.5225e+01   1.4552e+01   1.3708e+01   1.2463e+01   1.1954e+01   1.2239e+01   1.2428e+01   1.2788e+01   1.3055e+01   1.3943e+01   1.3805e+01   1.3830e+01   1.3858e+01   1.3578e+01   1.3114e+01   1.2802e+01   1.2648e+01   1.3001e+01   1.4116e+01   1.1881e+01   1.3156e+01   1.0907e+01   1.0277e+01   1.0616e+01   1.0092e+01   1.0099e+01   9.0327e+00   1.1710e+01   1.7733e+01   1.6671e+01   1.7150e+01   1.2048e+01   1.3315e+01 
  1.3330e+01   1.2387e+01   1.2672e+01   1.2671e+01   1.2739e+01   1.3249e+01   1.3336e+01   1.3225e+01   1.3188e+01   1.3996e+01   1.5464e+01   1.6385e+01   1.6070e+01   1.4728e+01   1.4227e+01   1.3920e+01   1.2872e+01   1.1619e+01   1.0315e+01   1.0481e+01   1.1034e+01   1.1490e+01   1.1875e+01   1.2246e+01   1.2882e+01   1.2486e+01   1.2104e+01   1.2234e+01   1.2205e+01   1.1677e+01   1.1056e+01   1.1076e+01   1.1320e+01   1.2316e+01   1.0391e+01   1.1480e+01   9.8322e+00   9.6161e+00   1.0148e+01   9.8153e+00   9.8976e+00   9.0833e+00   1.1761e+01   1.7659e+01   1.6013e+01   1.6601e+01   1.1565e+01   1.2170e+01 
  1.4312e+01   1.2714e+01   1.2228e+01   1.1876e+01   1.2175e+01   1.2534e+01   1.2173e+01   1.2262e+01   1.2623e+01   1.3135e+01   1.4069e+01   1.4386e+01   1.3415e+01   1.2209e+01   1.1536e+01   1.1308e+01   1.0177e+01   9.1800e+00   8.2909e+00   8.9805e+00   9.4561e+00   1.0349e+01   1.0456e+01   1.0799e+01   1.1108e+01   1.0567e+01   1.0434e+01   1.0760e+01   1.0720e+01   9.9027e+00   9.7683e+00   1.0045e+01   1.0305e+01   1.1146e+01   9.6380e+00   1.0771e+01   9.3442e+00   9.2937e+00   9.9292e+00   9.4394e+00   9.6742e+00   8.9432e+00   1.1045e+01   1.6376e+01   1.5204e+01   1.5728e+01   1.0898e+01   1.1104e+01 
  1.3418e+01   1.1506e+01   1.1005e+01   1.1025e+01   1.1252e+01   1.1287e+01   1.0729e+01   1.1147e+01   1.1081e+01   1.0815e+01   1.1281e+01   1.1241e+01   1.0778e+01   9.6382e+00   8.8185e+00   8.4577e+00   7.7850e+00   7.3633e+00   6.9312e+00   7.6345e+00   8.0030e+00   8.8785e+00   8.8351e+00   9.0711e+00   9.2052e+00   8.8531e+00   9.0558e+00   9.3667e+00   9.3014e+00   8.7192e+00   8.8854e+00   9.2184e+00   9.6313e+00   1.0427e+01   9.1443e+00   1.0326e+01   8.8934e+00   8.7031e+00   9.3224e+00   8.7660e+00   9.1745e+00   8.4349e+00   1.0350e+01   1.5275e+01   1.3950e+01   1.4701e+01   9.9311e+00   1.0371e+01 
  1.1386e+01   9.7561e+00   9.8742e+00   1.0105e+01   1.0079e+01   9.8055e+00   9.2132e+00   9.3006e+00   8.7035e+00   8.5766e+00   8.8754e+00   8.8619e+00   8.8864e+00   7.5873e+00   6.8815e+00   6.5233e+00   6.3985e+00   6.4187e+00   6.1623e+00   6.6151e+00   6.8798e+00   7.2714e+00   7.3666e+00   7.6146e+00   7.8346e+00   7.7057e+00   7.9303e+00   8.1792e+00   8.1114e+00   7.8873e+00   8.1357e+00   8.4256e+00   8.9677e+00   9.9633e+00   8.5571e+00   9.5422e+00   8.2075e+00   7.9136e+00   8.4283e+00   7.9298e+00   8.3867e+00   7.4918e+00   9.3793e+00   1.3978e+01   1.2768e+01   1.3638e+01   8.9664e+00   9.8519e+00 
  9.6321e+00   8.5375e+00   8.9892e+00   8.9459e+00   8.5870e+00   7.9797e+00   7.1490e+00   6.9886e+00   6.8085e+00   7.1236e+00   7.2606e+00   7.2989e+00   7.2745e+00   6.4496e+00   6.2836e+00   6.0766e+00   6.1594e+00   6.1362e+00   5.9848e+00   6.0131e+00   6.1707e+00   6.2786e+00   6.4920e+00   6.8483e+00   7.2209e+00   7.2661e+00   7.4100e+00   7.4907e+00   7.5208e+00   7.3719e+00   7.5473e+00   7.7533e+00   8.2992e+00   9.4837e+00   8.1310e+00   8.8311e+00   7.5760e+00   7.2140e+00   7.6714e+00   7.0514e+00   7.4293e+00   6.5784e+00   8.6661e+00   1.3176e+01   1.2056e+01   1.2304e+01   8.4231e+00   9.1112e+00 
  8.2030e+00   7.4580e+00   7.8246e+00   7.4818e+00   6.5520e+00   5.8239e+00   5.1061e+00   5.1449e+00   5.3961e+00   5.8126e+00   6.1774e+00   6.4281e+00   6.1759e+00   6.0190e+00   6.3890e+00   6.3199e+00   6.2459e+00   6.0970e+00   6.0668e+00   5.8554e+00   6.0388e+00   6.1169e+00   6.0484e+00   6.3342e+00   7.0248e+00   7.1795e+00   7.2735e+00   7.2486e+00   7.2388e+00   7.0688e+00   7.0767e+00   7.2943e+00   7.7695e+00   8.8322e+00   7.7215e+00   8.2261e+00   7.0726e+00   6.7380e+00   7.1303e+00   6.4179e+00   6.7200e+00   6.1430e+00   8.1174e+00   1.2374e+01   1.1551e+01   1.1904e+01   7.9292e+00   8.6401e+00 
  6.8205e+00   6.1828e+00   5.9316e+00   5.5219e+00   4.6303e+00   4.1183e+00   3.8255e+00   4.1661e+00   4.3248e+00   4.7170e+00   5.3812e+00   5.9204e+00   5.8805e+00   6.0266e+00   6.3860e+00   6.5449e+00   6.4246e+00   6.4659e+00   6.4009e+00   6.0509e+00   6.1944e+00   6.2384e+00   5.3891e+00   5.5526e+00   6.3917e+00   6.8271e+00   7.0281e+00   6.8430e+00   6.7557e+00   6.7076e+00   6.6547e+00   6.7238e+00   7.2334e+00   8.1000e+00   6.8468e+00   7.3719e+00   6.4181e+00   6.2381e+00   6.6248e+00   6.0592e+00   6.1502e+00   5.6822e+00   7.2188e+00   1.1071e+01   1.0855e+01   1.1553e+01   7.5755e+00   8.4157e+00 
  5.3619e+00   4.6193e+00   4.0471e+00   3.8902e+00   3.2596e+00   3.1195e+00   3.2448e+00   3.6041e+00   3.7641e+00   3.9906e+00   4.7652e+00   5.7191e+00   6.0293e+00   6.1096e+00   6.2204e+00   6.3204e+00   6.5174e+00   6.6414e+00   6.3572e+00   5.9625e+00   6.0933e+00   6.0234e+00   4.8721e+00   4.7516e+00   5.0733e+00   5.8788e+00   6.3397e+00   6.2992e+00   6.0145e+00   6.1951e+00   6.2536e+00   5.7999e+00   6.1737e+00   6.8823e+00   5.7779e+00   6.6472e+00   5.7172e+00   5.7667e+00   6.0897e+00   5.5154e+00   5.4729e+00   5.1229e+00   6.5254e+00   1.0265e+01   9.3527e+00   1.0528e+01   7.1972e+00   7.7972e+00 
  3.9213e+00   3.1911e+00   2.8382e+00   2.7438e+00   2.5072e+00   2.6748e+00   2.7207e+00   3.2081e+00   3.5044e+00   3.6174e+00   4.3485e+00   5.4972e+00   6.0598e+00   6.0958e+00   6.1898e+00   6.1120e+00   5.9762e+00   5.9728e+00   5.3704e+00   5.0498e+00   5.0327e+00   5.1295e+00   4.4576e+00   4.3667e+00   4.2632e+00   4.7583e+00   5.0532e+00   5.4280e+00   5.2673e+00   5.3489e+00   5.3459e+00   4.8910e+00   5.1613e+00   5.7052e+00   5.0886e+00   5.8723e+00   4.9012e+00   5.1215e+00   5.3506e+00   4.7975e+00   4.9260e+00   4.5600e+00   5.7286e+00   8.7392e+00   8.1961e+00   8.8588e+00   6.3550e+00   6.9794e+00 
  2.9480e+00   2.3127e+00   2.2120e+00   2.0957e+00   2.2287e+00   2.3148e+00   2.3018e+00   2.7553e+00   3.0206e+00   3.3898e+00   3.8136e+00   4.7871e+00   5.3851e+00   5.5290e+00   5.8339e+00   5.8243e+00   5.1901e+00   4.9807e+00   4.0416e+00   3.9653e+00   3.7522e+00   4.1825e+00   3.9742e+00   4.0503e+00   3.8438e+00   3.8689e+00   4.0257e+00   4.5944e+00   4.4701e+00   4.3022e+00   4.1472e+00   4.0883e+00   4.3828e+00   4.9920e+00   4.4435e+00   4.7602e+00   3.9794e+00   4.2115e+00   4.5225e+00   4.0707e+00   4.2782e+00   3.8954e+00   4.6690e+00   6.8287e+00   7.2146e+00   7.7112e+00   5.3472e+00   5.9289e+00 
  2.2438e+00   1.8579e+00   1.7612e+00   1.8564e+00   1.9060e+00   2.0678e+00   2.1046e+00   2.4729e+00   2.4864e+00   2.9438e+00   3.1676e+00   3.7948e+00   4.2884e+00   4.3454e+00   4.6788e+00   4.6121e+00   3.9437e+00   3.8990e+00   3.0044e+00   3.0609e+00   2.9021e+00   3.2686e+00   3.4734e+00   3.4857e+00   3.0746e+00   3.2458e+00   3.4487e+00   3.8656e+00   3.6619e+00   3.6028e+00   3.4502e+00   3.4587e+00   3.5954e+00   4.0994e+00   3.5014e+00   3.7434e+00   3.2618e+00   3.3998e+00   3.7291e+00   3.2728e+00   3.4099e+00   3.0781e+00   3.4214e+00   5.1304e+00   5.6616e+00   6.4653e+00   4.3182e+00   4.8031e+00 
  1.7425e+00   1.5665e+00   1.4970e+00   1.6125e+00   1.6688e+00   1.9289e+00   1.8812e+00   2.1868e+00   2.2141e+00   2.5462e+00   2.7858e+00   3.0681e+00   3.2117e+00   3.2524e+00   3.3520e+00   3.1078e+00   2.6692e+00   2.6988e+00   2.4451e+00   2.4101e+00   2.3270e+00   2.5275e+00   2.7313e+00   2.8445e+00   2.6660e+00   2.9705e+00   2.9963e+00   3.0973e+00   2.9529e+00   3.0814e+00   2.8724e+00   2.8361e+00   2.8508e+00   3.1209e+00   2.5990e+00   3.0145e+00   2.7047e+00   2.7539e+00   2.9508e+00   2.5835e+00   2.6351e+00   2.2614e+00   2.6812e+00   4.2569e+00   4.7224e+00   5.1513e+00   3.4478e+00   3.7572e+00 
  1.5432e+00   1.3467e+00   1.2724e+00   1.3352e+00   1.4423e+00   1.6436e+00   1.5698e+00   1.8059e+00   2.0127e+00   2.1894e+00   2.4062e+00   2.5420e+00   2.4669e+00   2.4528e+00   2.4864e+00   2.1231e+00   2.0176e+00   2.0077e+00   2.1307e+00   1.9370e+00   1.8833e+00   2.0240e+00   2.0607e+00   2.2293e+00   2.3459e+00   2.5179e+00   2.6096e+00   2.5130e+00   2.4243e+00   2.4910e+00   2.2141e+00   2.2928e+00   2.2117e+00   2.3179e+00   2.0498e+00   2.4545e+00   2.1484e+00   2.2837e+00   2.2989e+00   2.0207e+00   2.0543e+00   1.7885e+00   2.7112e+00   4.4075e+00   4.2302e+00   4.1906e+00   3.0628e+00   3.2557e+00 
  1.3613e+00   1.1718e+00   1.1071e+00   1.1839e+00   1.2175e+00   1.3151e+00   1.2914e+00   1.4999e+00   1.7011e+00   1.7203e+00   2.0274e+00   2.0483e+00   2.0318e+00   1.8539e+00   1.7897e+00   1.5738e+00   1.5175e+00   1.5891e+00   1.7058e+00   1.4659e+00   1.4725e+00   1.5282e+00   1.7123e+00   1.8855e+00   1.9895e+00   2.0688e+00   2.1678e+00   2.0492e+00   1.8995e+00   1.7898e+00   1.6959e+00   1.6977e+00   1.8273e+00   1.8743e+00   1.7217e+00   2.0110e+00   1.7393e+00   1.8977e+00   1.8317e+00   1.6484e+00   1.7169e+00   1.5956e+00   2.5232e+00   4.1333e+00   3.6313e+00   4.0121e+00   2.8177e+00   3.0474e+00 
  1.2588e+00   1.0892e+00   1.0151e+00   1.0869e+00   1.0546e+00   1.0620e+00   1.1046e+00   1.2195e+00   1.3431e+00   1.3631e+00   1.6332e+00   1.5638e+00   1.5293e+00   1.5293e+00   1.4181e+00   1.2966e+00   1.2212e+00   1.2381e+00   1.2563e+00   1.1985e+00   1.1770e+00   1.3122e+00   1.4216e+00   1.6659e+00   1.7572e+00   1.7681e+00   1.6377e+00   1.5420e+00   1.3430e+00   1.2740e+00   1.4255e+00   1.4472e+00   1.6448e+00   1.6376e+00   1.3962e+00   1.6688e+00   1.5430e+00   1.6612e+00   1.6548e+00   1.4497e+00   1.6252e+00   1.3939e+00   2.0224e+00   3.2886e+00   3.6239e+00   3.8940e+00   2.4327e+00   2.6858e+00 
  1.0912e+00   1.0268e+00   9.4691e-01   9.6766e-01   8.9962e-01   9.6170e-01   9.5642e-01   1.0341e+00   1.1365e+00   1.1529e+00   1.2838e+00   1.2708e+00   1.1577e+00   1.3067e+00   1.2749e+00   1.1846e+00   1.1084e+00   1.0901e+00   1.0393e+00   1.0973e+00   1.0832e+00   1.1537e+00   1.1839e+00   1.3071e+00   1.3974e+00   1.4644e+00   1.2349e+00   1.2147e+00   1.0816e+00   1.1427e+00   1.2510e+00   1.2719e+00   1.3689e+00   1.5746e+00   1.2253e+00   1.4797e+00   1.3470e+00   1.4161e+00   1.5204e+00   1.2704e+00   1.4092e+00   1.2065e+00   1.8620e+00   3.2510e+00   3.3531e+00   3.4132e+00   2.0752e+00   2.1864e+00 
  9.3039e-01   8.5443e-01   9.3569e-01   9.1601e-01   8.5990e-01   8.9134e-01   9.0224e-01   9.5515e-01   1.0473e+00   1.0591e+00   1.1314e+00   1.1115e+00   1.1837e+00   1.2721e+00   1.4181e+00   1.1898e+00   9.7014e-01   1.0201e+00   9.3371e-01   1.0475e+00   1.0444e+00   1.0949e+00   1.0440e+00   1.1064e+00   1.0845e+00   1.1627e+00   1.0918e+00   1.0893e+00   9.9726e-01   1.1465e+00   1.1905e+00   1.1979e+00   1.2292e+00   1.4550e+00   1.1975e+00   1.4610e+00   1.2325e+00   1.2887e+00   1.3927e+00   1.1835e+00   1.2298e+00   1.1424e+00   2.0370e+00   3.5732e+00   2.7164e+00   3.0087e+00   1.7807e+00   1.8812e+00 
  8.8280e-01   8.4339e-01   9.9942e-01   9.7564e-01   9.3922e-01   9.1754e-01   8.9514e-01   8.7021e-01   1.0260e+00   1.0034e+00   1.0640e+00   1.2040e+00   1.5195e+00   1.5526e+00   1.6067e+00   1.2255e+00   9.6892e-01   1.0411e+00   9.3442e-01   9.3415e-01   9.5897e-01   1.0246e+00   9.5250e-01   1.0155e+00   9.3086e-01   9.8117e-01   1.1191e+00   1.0137e+00   1.0216e+00   1.0808e+00   1.1880e+00   1.2241e+00   1.1282e+00   1.2715e+00   1.1970e+00   1.4119e+00   1.2185e+00   1.2145e+00   1.2877e+00   1.0862e+00   1.3033e+00   1.1672e+00   1.9797e+00   3.3252e+00   2.6713e+00   2.7317e+00   1.6959e+00   1.6992e+00 
  9.1315e-01   8.5657e-01   1.0526e+00   1.0887e+00   1.0939e+00   1.0327e+00   8.9824e-01   9.0855e-01   1.0334e+00   9.8841e-01   1.1575e+00   1.4237e+00   1.6300e+00   1.7634e+00   1.7342e+00   1.3092e+00   1.0825e+00   1.0338e+00   9.5085e-01   8.5694e-01   9.2604e-01   9.3098e-01   8.9656e-01   9.0996e-01   9.2956e-01   9.5457e-01   1.0528e+00   9.8026e-01   9.9408e-01   1.0568e+00   1.2349e+00   1.2450e+00   1.1292e+00   1.2086e+00   1.1076e+00   1.3818e+00   1.0237e+00   1.0246e+00   1.1578e+00   1.0872e+00   1.2665e+00   1.1477e+00   1.5079e+00   2.8105e+00   2.9371e+00   2.8503e+00   1.6563e+00   1.5022e+00 
  8.7509e-01   8.7048e-01   1.0798e+00   1.1090e+00   1.1315e+00   1.1212e+00   8.4247e-01   8.5921e-01   1.0066e+00   1.0169e+00   1.3331e+00   1.6458e+00   1.7499e+00   1.9304e+00   1.8220e+00   1.3597e+00   1.0494e+00   9.7618e-01   9.6418e-01   9.2668e-01   9.1544e-01   9.0711e-01   8.8762e-01   9.3190e-01   8.1184e-01   9.7766e-01   9.9589e-01   9.6462e-01   1.0090e+00   1.0605e+00   1.2379e+00   1.1214e+00   1.2388e+00   1.2244e+00   1.0425e+00   1.2881e+00   1.0556e+00   1.0440e+00   1.2070e+00   1.1890e+00   1.1828e+00   1.0562e+00   1.4699e+00   2.6084e+00   2.7217e+00   2.6210e+00   1.5546e+00   1.4375e+00 
  8.5684e-01   9.2001e-01   1.1147e+00   1.1113e+00   1.1918e+00   1.1237e+00   8.5975e-01   8.5700e-01   1.0571e+00   1.1208e+00   1.4203e+00   1.8041e+00   1.8907e+00   1.9119e+00   1.6419e+00   1.3083e+00   1.0554e+00   1.0589e+00   1.0414e+00   9.4031e-01   8.6486e-01   8.6409e-01   8.8716e-01   8.9842e-01   7.9793e-01   8.8295e-01   9.7924e-01   9.3013e-01   9.9131e-01   1.0714e+00   1.2409e+00   1.1622e+00   1.2828e+00   1.3282e+00   1.0304e+00   1.2701e+00   1.2365e+00   9.9111e-01   1.1005e+00   1.0455e+00   1.2098e+00   1.0559e+00   1.6589e+00   2.7313e+00   2.6798e+00   2.5250e+00   1.4205e+00   1.3973e+00 
  7.9931e-01   8.2460e-01   1.0388e+00   1.0007e+00   1.1572e+00   1.0703e+00   8.9122e-01   9.7125e-01   1.0804e+00   1.1916e+00   1.4487e+00   1.8169e+00   1.7652e+00   1.8480e+00   1.6401e+00   1.2840e+00   1.0688e+00   1.1396e+00   1.1174e+00   9.7238e-01   9.6467e-01   9.3814e-01   8.3770e-01   8.7686e-01   8.8225e-01   8.1198e-01   9.1723e-01   8.6804e-01   8.9183e-01   1.0778e+00   1.2137e+00   1.2216e+00   1.1960e+00   1.1836e+00   1.0284e+00   1.3318e+00   1.0572e+00   9.9785e-01   1.0361e+00   9.5949e-01   1.0912e+00   9.8941e-01   1.7733e+00   3.1719e+00   2.7469e+00   2.3782e+00   1.2343e+00   1.3392e+00 
  7.2188e-01   7.0955e-01   9.4799e-01   8.5273e-01   1.0544e+00   1.0946e+00   9.2456e-01   1.0999e+00   1.0901e+00   1.1633e+00   1.3570e+00   1.6591e+00   1.6801e+00   1.7569e+00   1.5525e+00   1.2404e+00   1.0464e+00   1.0985e+00   1.0788e+00   9.9948e-01   9.2528e-01   1.0228e+00   9.0470e-01   8.9378e-01   8.2581e-01   8.5043e-01   8.0737e-01   8.0549e-01   8.7522e-01   9.7047e-01   1.2248e+00   1.1958e+00   1.1551e+00   1.2113e+00   1.0589e+00   1.3812e+00   1.0167e+00   9.7647e-01   1.0642e+00   9.6990e-01   1.0142e+00   8.4484e-01   1.4410e+00   2.8372e+00   2.1991e+00   1.9557e+00   1.1722e+00   1.1429e+00 
  8.9087e-01   6.9926e-01   8.8752e-01   8.5137e-01   9.6653e-01   9.8175e-01   9.1440e-01   1.1028e+00   1.0729e+00   1.0938e+00   1.2278e+00   1.3759e+00   1.5244e+00   1.5280e+00   1.2410e+00   1.1017e+00   9.5238e-01   9.3982e-01   8.6585e-01   8.1922e-01   8.5517e-01   9.6376e-01   8.7473e-01   7.7915e-01   7.9463e-01   8.0371e-01   7.4288e-01   8.1245e-01   8.1082e-01   8.5083e-01   1.1322e+00   1.1602e+00   1.1402e+00   1.3327e+00   9.9923e-01   1.3090e+00   9.8417e-01   9.1701e-01   1.0008e+00   9.8180e-01   9.5505e-01   7.1134e-01   1.5635e+00   2.9659e+00   2.0321e+00   2.2849e+00   1.1867e+00   1.0767e+00 
  9.1929e-01   6.7082e-01   8.3875e-01   8.3563e-01   9.3728e-01   8.7058e-01   9.2169e-01   9.5201e-01   9.3923e-01   9.7980e-01   1.1679e+00   1.2266e+00   1.3195e+00   1.3280e+00   1.1521e+00   1.0540e+00   8.9997e-01   8.1989e-01   7.7900e-01   7.9105e-01   8.1266e-01   9.1464e-01   7.7691e-01   6.2965e-01   7.0547e-01   7.0410e-01   6.0968e-01   7.5933e-01   7.7458e-01   8.1197e-01   9.6720e-01   1.0075e+00   1.0635e+00   1.1663e+00   9.5572e-01   1.3329e+00   9.0634e-01   8.8358e-01   9.3977e-01   8.6915e-01   1.0262e+00   6.5647e-01   2.0279e+00   3.7335e+00   2.8854e+00   2.8867e+00   9.9501e-01   1.0515e+00 
  8.5039e-01   6.4787e-01   7.6697e-01   9.3311e-01   9.7958e-01   8.2834e-01   8.5827e-01   8.5323e-01   7.7645e-01   9.2415e-01   9.8723e-01   1.0020e+00   1.2242e+00   1.2489e+00   1.1014e+00   1.0095e+00   8.9230e-01   7.4736e-01   7.0581e-01   8.0852e-01   7.5125e-01   8.3246e-01   8.0597e-01   6.4299e-01   5.8546e-01   6.2066e-01   6.2234e-01   7.0616e-01   7.9153e-01   7.4457e-01   9.1797e-01   8.5993e-01   9.5696e-01   1.0013e+00   8.0319e-01   1.2178e+00   8.5731e-01   8.3549e-01   8.5307e-01   8.4234e-01   9.8770e-01   7.7115e-01   1.8588e+00   3.6903e+00   2.5188e+00   2.6218e+00   1.0964e+00   1.0542e+00 
  7.9362e-01   6.9885e-01   6.8806e-01   8.9759e-01   8.1074e-01   7.6276e-01   6.6302e-01   7.9381e-01   7.2268e-01   8.1935e-01   8.1534e-01   8.1828e-01   1.0887e+00   1.0340e+00   1.0558e+00   9.0282e-01   7.7783e-01   6.6204e-01   5.6424e-01   6.3055e-01   6.9797e-01   5.8779e-01   6.1415e-01   6.4125e-01   6.0320e-01   5.5835e-01   7.0452e-01   6.7074e-01   8.2168e-01   6.8079e-01   7.9943e-01   7.4758e-01   9.1433e-01   1.0702e+00   7.0825e-01   9.1543e-01   7.6483e-01   7.5592e-01   7.1876e-01   7.8083e-01   7.8798e-01   7.6840e-01   1.4522e+00   2.8414e+00   2.8199e+00   2.3359e+00   1.1055e+00   1.0542e+00 
  6.5961e-01   6.5739e-01   6.2363e-01   8.0465e-01   7.7254e-01   6.7217e-01   5.8273e-01   7.0729e-01   6.5401e-01   7.3430e-01   7.3279e-01   7.5915e-01   9.4636e-01   8.0964e-01   7.7844e-01   7.0792e-01   6.7633e-01   6.5621e-01   5.5506e-01   5.2780e-01   5.6750e-01   5.2660e-01   5.8020e-01   5.7222e-01   6.2261e-01   5.0655e-01   6.6639e-01   6.0360e-01   6.0263e-01   5.8848e-01   6.7860e-01   6.8253e-01   8.7895e-01   9.7716e-01   6.2315e-01   1.0880e+00   6.6490e-01   7.0801e-01   6.9386e-01   8.4964e-01   8.3758e-01   6.9970e-01   2.3560e+00   4.0491e+00   2.5006e+00   2.2526e+00   1.0436e+00   9.9527e-01 
  6.4284e-01   5.3230e-01   6.1421e-01   6.8834e-01   6.2055e-01   6.6123e-01   6.0938e-01   5.9167e-01   6.0715e-01   6.1159e-01   5.9281e-01   6.1907e-01   6.9733e-01   7.0151e-01   5.5211e-01   5.7694e-01   6.6149e-01   6.1952e-01   4.6062e-01   6.1173e-01   4.8851e-01   5.6300e-01   7.1587e-01   5.7732e-01   5.7928e-01   4.9005e-01   5.7227e-01   5.7497e-01   5.3166e-01   5.7343e-01   5.7169e-01   6.1428e-01   7.3391e-01   1.1750e+00   5.6043e-01   1.1330e+00   5.9298e-01   6.6040e-01   7.2911e-01   7.3203e-01   7.5527e-01   6.7312e-01   2.2172e+00   3.8648e+00   1.9104e+00   2.3136e+00   1.0472e+00   1.1184e+00 
  5.8056e-01   5.1700e-01   5.6294e-01   6.5904e-01   5.7383e-01   5.5691e-01   5.7448e-01   6.1862e-01   5.7723e-01   5.2132e-01   5.0558e-01   4.9385e-01   5.9149e-01   6.7190e-01   5.6722e-01   5.3511e-01   9.4811e-01   9.1384e-01   5.1847e-01   5.6446e-01   5.6777e-01   5.5638e-01   5.5458e-01   4.4992e-01   5.1488e-01   4.6585e-01   7.5022e-01   7.1716e-01   4.5500e-01   5.5785e-01   6.0574e-01   6.8224e-01   8.6679e-01   1.0577e+00   6.2473e-01   1.0873e+00   6.9663e-01   6.6935e-01   8.8534e-01   6.8738e-01   6.3745e-01   6.4362e-01   1.9232e+00   3.4274e+00   1.8386e+00   2.6049e+00   1.1085e+00   1.2170e+00 
  6.0973e-01   4.9758e-01   5.3134e-01   5.8618e-01   5.0209e-01   4.2895e-01   4.3485e-01   5.3957e-01   4.6151e-01   4.2355e-01   5.1217e-01   7.9587e-01   6.5961e-01   6.1980e-01   6.4574e-01   4.3803e-01   7.2610e-01   7.6201e-01   5.3646e-01   4.3106e-01   5.5041e-01   5.7364e-01   4.5032e-01   4.7380e-01   4.0055e-01   4.0881e-01   5.7962e-01   5.7726e-01   3.6289e-01   5.1877e-01   5.9534e-01   6.9751e-01   9.6680e-01   9.2783e-01   6.1929e-01   1.0341e+00   7.5122e-01   6.6370e-01   7.4489e-01   7.5662e-01   8.9444e-01   7.7689e-01   1.8772e+00   3.4653e+00   2.2599e+00   2.4406e+00   1.1183e+00   1.1321e+00 
  6.2577e-01   5.4097e-01   5.5112e-01   7.4772e-01   4.7288e-01   5.0807e-01   4.4263e-01   4.2609e-01   4.3297e-01   3.9205e-01   3.9713e-01   5.4247e-01   5.9061e-01   5.0650e-01   6.1269e-01   5.8825e-01   5.5850e-01   5.8378e-01   4.4435e-01   4.9929e-01   5.4710e-01   5.4987e-01   4.9456e-01   5.4656e-01   4.2206e-01   5.1427e-01   5.0410e-01   4.8112e-01   4.5354e-01   4.1218e-01   5.2508e-01   6.1390e-01   9.2802e-01   1.1205e+00   6.2470e-01   9.6480e-01   6.0558e-01   7.0947e-01   8.8586e-01   7.8899e-01   7.7270e-01   7.6984e-01   1.7579e+00   3.7299e+00   2.4532e+00   2.3134e+00   1.0787e+00   1.1063e+00 
  8.3181e-01   4.6220e-01   5.4520e-01   6.9015e-01   5.5283e-01   5.2279e-01   5.4101e-01   4.4856e-01   5.7099e-01   3.9438e-01   3.2008e-01   4.9340e-01   6.2154e-01   5.8496e-01   6.4632e-01   8.6465e-01   8.5874e-01   4.3898e-01   5.1465e-01   4.3403e-01   7.4657e-01   6.2028e-01   4.4456e-01   8.0410e-01   5.8361e-01   7.4334e-01   5.5653e-01   6.8109e-01   4.6429e-01   4.8213e-01   5.6190e-01   6.5326e-01   7.3676e-01   1.1370e+00   7.8062e-01   1.0747e+00   6.1297e-01   6.9390e-01   8.7171e-01   8.0349e-01   7.7267e-01   7.0957e-01   1.5263e+00   3.0648e+00   2.2067e+00   2.7710e+00   9.0749e-01   1.1455e+00 
  8.4349e-01   3.7027e-01   5.0504e-01   4.3053e-01   4.9724e-01   5.2690e-01   7.1255e-01   8.6790e-01   7.0646e-01   3.9930e-01   4.7027e-01   8.0357e-01   6.0907e-01   9.9604e-01   8.6549e-01   1.0172e+00   6.9498e-01   4.4539e-01   4.2765e-01   4.3229e-01   1.0247e+00   6.5804e-01   4.1332e-01   6.6378e-01   4.4989e-01   7.1640e-01   5.4768e-01   7.2094e-01   5.3224e-01   4.5319e-01   8.1219e-01   6.5534e-01   6.4727e-01   8.9871e-01   7.3707e-01   9.2537e-01   6.3891e-01   5.7259e-01   7.5138e-01   8.3454e-01   1.2059e+00   7.1727e-01   1.5190e+00   2.7275e+00   2.1230e+00   2.7261e+00   9.1479e-01   8.5810e-01 
  7.7065e-01   6.0594e-01   4.4533e-01   5.9890e-01   4.5977e-01   4.7676e-01   6.6709e-01   7.6340e-01   6.5161e-01   5.1114e-01   5.0554e-01   5.3650e-01   4.0142e-01   6.2027e-01   6.7750e-01   9.6977e-01   1.5459e+00   4.6678e-01   3.8121e-01   6.7668e-01   8.0862e-01   3.8503e-01   6.7835e-01   7.1148e-01   5.9475e-01   6.7444e-01   4.9622e-01   7.3061e-01   7.5779e-01   5.4773e-01   7.3157e-01   1.0001e+00   8.5063e-01   1.2413e+00   6.8753e-01   6.7702e-01   7.5586e-01   7.2813e-01   9.0326e-01   6.8059e-01   9.1257e-01   6.9212e-01   1.6112e+00   2.8489e+00   2.1168e+00   1.9338e+00   8.1437e-01   7.6740e-01 
  1.1849e+00   7.5351e-01   7.1529e-01   1.1328e+00   5.0634e-01   5.4315e-01   6.7992e-01   7.2608e-01   8.4067e-01   7.6074e-01   7.5106e-01   5.2943e-01   1.4257e+00   1.7276e+00  -9.9900e+02  -9.9900e+02  -9.9900e+02   4.3401e-01   5.1756e-01   1.0920e+00   5.7819e-01   8.5279e-01   1.2319e+00   6.4603e-01   7.2551e-01   5.1452e-01   6.9770e-01   8.1508e-01   9.4455e-01   6.9513e-01   7.3169e-01   8.6689e-01   8.8868e-01   1.5361e+00   6.4283e-01   6.7893e-01   5.9606e-01   6.4021e-01   9.2431e-01   8.0772e-01   7.3693e-01   8.1678e-01   1.6890e+00   2.8115e+00   2.2995e+00   2.0924e+00   8.3121e-01   7.5502e-01 
  1.0401e+00   8.5195e-01   1.1583e+00   8.6082e-01   5.6314e-01   4.3245e-01   5.0908e-01   5.5071e-01   8.9872e-01   7.7251e-01   9.6655e-01   1.1231e+00   5.5067e-01   5.5913e-01   1.0515e+00   2.1258e+00   1.8362e+00   6.8516e-01   5.1399e-01   8.7287e-01   1.3118e+00   1.1930e+00   9.2010e-01   5.3756e-01   3.0768e-01   3.5202e-01   5.9414e-01   7.0069e-01   4.1847e-01   5.0730e-01   6.6185e-01   8.5885e-01   1.4338e+00   1.8317e+00   6.6742e-01   1.2663e+00   5.4593e-01   4.4262e-01   7.0542e-01   7.9750e-01   6.9216e-01   5.9666e-01   1.5915e+00   2.6842e+00   2.4910e+00   2.7645e+00   9.5624e-01   1.1119e+00 
