ALO Lidar Data on 20190829

UT (hour) for each column
  -0.3000   -0.2000   -0.1000    0.0000    0.1000    0.2000    0.3000    0.4000 
Altitudes (km) for each row
   80.000    80.500    81.000    81.500    82.000    82.500    83.000    83.500    84.000    84.500    85.000    85.500    86.000    86.500    87.000    87.500    88.000    88.500    89.000    89.500    90.000    90.500    91.000    91.500    92.000    92.500    93.000    93.500    94.000    94.500    95.000    95.500    96.000    96.500    97.000    97.500    98.000    98.500    99.000    99.500   100.000   100.500   101.000   101.500   102.000   102.500   103.000   103.500   104.000   104.500   105.000   105.500   106.000   106.500   107.000   107.500   108.000   108.500   109.000   109.500   110.000   110.500   111.000   111.500   112.000   112.500   113.000   113.500   114.000   114.500   115.000 

Na Density (cm^(-3))
  7.2508e+02   6.4312e+02   5.4725e+02   5.1950e+02   5.1130e+02   4.9251e+02   5.0098e+02   4.6973e+02 
  7.7649e+02   7.0931e+02   6.1003e+02   5.6908e+02   5.3305e+02   5.2347e+02   5.3821e+02   5.0745e+02 
  8.3482e+02   8.3474e+02   7.6633e+02   6.7651e+02   5.9191e+02   5.8146e+02   5.8035e+02   5.6378e+02 
  9.1949e+02   9.3526e+02   8.8457e+02   8.4538e+02   7.2168e+02   6.6222e+02   6.4097e+02   6.3582e+02 
  1.0185e+03   1.0385e+03   9.4987e+02   9.3863e+02   8.5583e+02   7.5963e+02   7.4367e+02   7.4102e+02 
  1.0546e+03   1.0801e+03   1.0021e+03   9.8238e+02   9.5659e+02   8.6073e+02   8.5879e+02   8.4916e+02 
  1.0568e+03   1.0792e+03   1.0215e+03   1.0085e+03   1.0005e+03   9.4665e+02   9.4112e+02   9.4593e+02 
  1.0567e+03   1.0841e+03   1.0419e+03   1.0508e+03   1.0451e+03   1.0054e+03   9.9163e+02   9.9089e+02 
  1.0783e+03   1.0709e+03   1.0030e+03   1.0213e+03   1.0533e+03   1.0093e+03   9.9330e+02   9.7846e+02 
  1.0789e+03   1.0464e+03   9.6397e+02   9.6474e+02   1.0088e+03   9.8343e+02   9.5656e+02   9.3273e+02 
  1.0849e+03   1.0590e+03   9.8269e+02   9.3703e+02   9.4383e+02   9.5013e+02   9.5286e+02   9.4003e+02 
  1.1629e+03   1.1760e+03   1.0985e+03   9.9401e+02   9.5354e+02   9.5546e+02   1.0185e+03   1.0381e+03 
  1.4195e+03   1.4488e+03   1.3528e+03   1.1308e+03   1.0853e+03   1.0943e+03   1.2484e+03   1.2659e+03 
  1.7721e+03   1.8394e+03   1.7546e+03   1.5145e+03   1.3948e+03   1.3853e+03   1.6130e+03   1.6556e+03 
  2.1032e+03   2.1164e+03   1.9371e+03   1.7966e+03   1.7666e+03   1.7460e+03   1.9469e+03   2.0468e+03 
  2.3101e+03   2.3164e+03   2.1037e+03   1.9519e+03   2.0261e+03   2.0821e+03   2.3016e+03   2.3845e+03 
  2.3955e+03   2.4622e+03   2.2733e+03   2.1010e+03   2.1879e+03   2.3057e+03   2.5145e+03   2.5896e+03 
  2.4419e+03   2.5101e+03   2.3458e+03   2.2213e+03   2.3156e+03   2.4037e+03   2.5444e+03   2.6725e+03 
  2.4512e+03   2.4778e+03   2.3277e+03   2.2689e+03   2.4097e+03   2.4818e+03   2.5675e+03   2.6766e+03 
  2.4607e+03   2.3881e+03   2.2453e+03   2.2741e+03   2.4591e+03   2.5144e+03   2.5591e+03   2.6131e+03 
  2.4883e+03   2.3300e+03   2.1561e+03   2.2002e+03   2.3809e+03   2.4546e+03   2.5193e+03   2.5346e+03 
  2.4889e+03   2.3059e+03   2.0813e+03   2.1183e+03   2.2664e+03   2.3590e+03   2.4700e+03   2.5081e+03 
  2.5556e+03   2.3348e+03   2.0366e+03   2.0358e+03   2.1538e+03   2.2865e+03   2.4272e+03   2.4580e+03 
  2.5701e+03   2.3236e+03   2.0205e+03   2.0398e+03   2.1421e+03   2.2392e+03   2.3624e+03   2.3775e+03 
  2.4727e+03   2.2679e+03   2.0266e+03   2.0729e+03   2.1502e+03   2.1930e+03   2.2586e+03   2.2611e+03 
  2.3134e+03   2.1642e+03   1.9773e+03   1.9918e+03   2.0852e+03   2.1163e+03   2.1435e+03   2.1116e+03 
  2.1483e+03   2.0357e+03   1.8772e+03   1.8945e+03   1.9665e+03   1.9885e+03   2.0018e+03   1.9857e+03 
  2.0151e+03   1.9000e+03   1.7609e+03   1.7697e+03   1.8428e+03   1.8704e+03   1.8697e+03   1.8634e+03 
  1.9022e+03   1.7948e+03   1.6356e+03   1.6325e+03   1.7063e+03   1.7459e+03   1.7551e+03   1.7489e+03 
  1.8227e+03   1.6947e+03   1.5313e+03   1.5096e+03   1.6777e+03   1.7817e+03   1.7194e+03   1.7088e+03 
  1.7176e+03   1.5898e+03   1.4524e+03   1.4709e+03   1.7759e+03   1.9893e+03   1.8374e+03   1.7802e+03 
  1.7389e+03   1.5847e+03   1.4354e+03   1.5090e+03   1.8708e+03   2.3634e+03   2.3266e+03   1.9757e+03 
  1.9972e+03   1.8160e+03   1.7848e+03   1.9503e+03   2.2890e+03   2.8762e+03   2.8488e+03   2.3485e+03 
  2.4261e+03   2.3916e+03   2.4959e+03   2.7127e+03   2.8077e+03   2.9842e+03   2.8869e+03   2.6006e+03 
  2.8525e+03   2.8897e+03   2.8852e+03   2.9110e+03   2.7907e+03   2.6335e+03   2.5503e+03   2.4035e+03 
  2.9026e+03   2.7470e+03   2.4867e+03   2.3816e+03   2.3061e+03   2.1400e+03   2.0711e+03   1.9563e+03 
  2.3840e+03   2.1461e+03   1.8886e+03   1.7812e+03   1.7220e+03   1.6232e+03   1.5868e+03   1.5118e+03 
  1.7016e+03   1.5259e+03   1.3421e+03   1.2544e+03   1.2293e+03   1.1865e+03   1.1980e+03   1.1819e+03 
  1.2102e+03   1.0692e+03   9.4353e+02   8.9519e+02   8.9902e+02   9.0574e+02   9.3291e+02   9.4772e+02 
  8.9939e+02   8.0671e+02   7.1864e+02   6.9998e+02   7.0838e+02   7.1598e+02   7.4503e+02   7.6557e+02 
  6.8166e+02   6.3468e+02   5.7349e+02   5.4557e+02   5.3818e+02   5.4067e+02   5.7106e+02   5.9193e+02 
  5.0826e+02   4.7262e+02   4.3312e+02   4.1158e+02   3.8718e+02   3.8857e+02   4.1277e+02   4.2802e+02 
  3.6571e+02   3.3200e+02   3.0780e+02   2.9154e+02   2.6652e+02   2.7066e+02   2.9388e+02   2.9769e+02 
  2.4578e+02   2.1667e+02   1.9249e+02   1.8115e+02   1.7320e+02   1.8204e+02   2.0842e+02   2.0553e+02 
  1.5445e+02   1.3400e+02   1.1256e+02   1.1204e+02   1.0705e+02   1.1031e+02   1.2750e+02   1.2852e+02 
  8.8008e+01   7.1154e+01   6.3106e+01   5.8607e+01   4.7411e+01   5.1732e+01   6.5316e+01   6.8069e+01 
  4.2753e+01   3.5284e+01   3.3038e+01   3.9931e+01   3.3308e+01   3.0798e+01   3.2939e+01   3.2883e+01 
  2.6460e+01   2.4229e+01   2.2011e+01   2.5114e+01   2.2162e+01   1.8234e+01   2.2843e+01   2.0774e+01 
  1.5123e+01   1.2829e+01   1.4674e+01   2.7759e+01   2.1898e+01   1.2647e+01   1.3775e+01   1.1340e+01 
  9.8581e+00   7.9984e+00   8.3694e+00   1.3661e+01   1.0884e+01   7.3190e+00   8.3743e+00   7.1223e+00 
  6.6056e+00   5.6730e+00   7.6822e+00   9.6304e+00   5.4533e+00   5.4287e+00   5.9814e+00   5.1023e+00 
  5.3198e+00   5.0358e+00   7.3062e+00   7.7213e+00   5.0857e+00   6.8457e+00   5.2029e+00   4.9764e+00 
  4.0577e+00   1.1491e+01   1.3714e+01   4.6519e+00   3.8842e+00   4.1126e+00   5.2484e+00   4.9822e+00 
  4.4015e+00   6.8093e+00   7.2002e+00   3.7322e+00   5.1851e+00   4.6406e+00   4.0616e+00   3.7933e+00 
  7.1413e+00   3.9065e+00   1.1054e+01   1.5864e+01   4.2929e+00   5.4697e+00   5.4958e+00   4.9030e+00 
  2.7360e+00   3.1045e+00   3.3070e+00   3.3070e+00  -9.9900e+02   5.8620e+00   4.1766e+00   3.1040e+00 
  2.8969e+00   1.5003e+01   1.0563e+01   4.6335e+01   4.1263e+01   4.4665e+00   2.8564e+00   2.0201e+00 
  1.8373e+00   9.4176e+00   9.4176e+00   3.4447e+00   2.9181e+00   5.3166e+00   1.1078e+01   4.2561e+00 
  1.5165e+00   8.3224e+00   1.3112e+01   1.8959e+01   1.6675e+01   3.3333e+00   7.9075e+00   6.0044e+00 
 -9.9900e+02   7.2764e+00   7.2764e+00  -9.9900e+02   6.0565e+00   5.1342e+00   4.4393e+00   5.9913e+00 
  2.2420e+00   4.5630e+00   4.1911e+00   4.0707e+00   5.9928e+00   5.1223e+00   3.9651e+00   3.4978e+00 
  9.6112e+00   1.0240e+01   2.4769e+01   2.9873e+01   2.9175e+01   2.2933e+00   2.1297e+00   2.3792e+00 
  3.3216e+00   4.4126e+00   7.0092e+00   6.1881e+01   6.1881e+01   8.1862e+00   7.0797e+00   4.1937e+00 
  1.0144e+00   1.0144e+00  -9.9900e+02  -9.9900e+02  -9.9900e+02   3.4891e+00   3.4891e+00  -9.9900e+02 
 -9.9900e+02   1.0416e+01   1.6109e+01   5.3802e+01   5.0222e+01   6.9206e+00   6.0275e+00   4.3465e+00 
  3.5845e+00   6.6857e+00   1.0595e+01   6.4566e+01   5.6328e+01   3.2792e+00   2.2818e+00   2.3745e+00 
  1.6210e+00   1.4971e+01   1.8807e+01   1.6415e+02   1.0144e+02   3.6430e+00   4.3605e+00   6.3515e+00 
 -9.9900e+02   1.8340e+01   1.6624e+01   2.9969e+01   4.1921e+01   3.9215e+00   5.2672e+00   4.6978e+00 
 -9.9900e+02   1.5841e+01   1.5841e+01   6.5764e+01   5.9648e+01   3.8316e+00   3.8316e+00  -9.9900e+02 
 -9.9900e+02   1.5649e+01   1.6723e+01   3.1464e+01   1.6979e+01   3.3243e+00   2.7045e+00  -9.9900e+02 
  1.7713e+01   1.9114e+01   1.8554e+01   1.3672e+01   2.4359e+00   3.0342e+00   6.9141e+00   8.4082e+00 

Na Density Error (cm^(-3))
  6.4303e+00   5.6184e+00   5.7794e+00   1.0585e+01   8.3195e+00   4.6881e+00   4.7773e+00   4.8616e+00 
  6.5750e+00   5.8392e+00   6.1569e+00   1.1391e+01   8.5662e+00   4.9090e+00   4.9997e+00   5.0523e+00 
  6.8063e+00   6.4508e+00   6.9268e+00   1.2101e+01   8.9880e+00   5.1811e+00   5.0541e+00   5.3634e+00 
  7.1610e+00   6.8165e+00   7.4816e+00   1.3681e+01   1.0197e+01   5.3598e+00   5.3421e+00   5.6926e+00 
  7.5702e+00   7.1666e+00   7.7160e+00   1.4334e+01   1.0973e+01   5.7135e+00   5.8700e+00   6.2518e+00 
  7.6387e+00   7.2575e+00   7.8980e+00   1.4713e+01   1.1567e+01   6.1040e+00   6.3361e+00   6.7033e+00 
  7.6696e+00   7.2563e+00   7.9843e+00   1.4751e+01   1.1539e+01   6.4903e+00   6.5526e+00   7.0371e+00 
  7.7021e+00   7.3277e+00   8.1300e+00   1.5169e+01   1.1715e+01   6.6962e+00   6.7567e+00   7.0507e+00 
  7.8441e+00   7.3253e+00   7.9910e+00   1.4996e+01   1.1681e+01   6.7154e+00   6.7617e+00   6.9182e+00 
  7.8430e+00   7.2455e+00   7.8797e+00   1.4303e+01   1.1316e+01   6.6245e+00   6.5496e+00   6.8158e+00 
  7.9909e+00   7.3299e+00   8.0096e+00   1.3668e+01   1.0685e+01   6.4970e+00   6.6367e+00   6.9589e+00 
  8.3873e+00   7.7985e+00   8.5451e+00   1.4081e+01   1.0881e+01   6.4975e+00   7.0282e+00   7.4691e+00 
  9.7831e+00   8.7889e+00   9.5911e+00   1.4927e+01   1.1384e+01   7.0973e+00   8.0725e+00   8.5480e+00 
  1.0731e+01   1.0017e+01   1.1086e+01   1.7605e+01   1.2914e+01   7.8583e+00   9.7378e+00   9.9477e+00 
  1.1425e+01   1.0677e+01   1.1507e+01   1.9224e+01   1.4526e+01   9.2813e+00   1.0800e+01   1.1128e+01 
  1.2095e+01   1.1207e+01   1.2007e+01   2.0607e+01   1.6027e+01   1.0191e+01   1.1633e+01   1.2002e+01 
  1.2414e+01   1.1724e+01   1.2437e+01   2.1118e+01   1.6457e+01   1.0632e+01   1.1915e+01   1.2371e+01 
  1.2575e+01   1.1848e+01   1.2669e+01   2.2054e+01   1.7219e+01   1.1019e+01   1.1909e+01   1.2469e+01 
  1.2522e+01   1.1776e+01   1.2717e+01   2.1979e+01   1.7422e+01   1.1363e+01   1.1802e+01   1.2267e+01 
  1.2546e+01   1.1498e+01   1.2553e+01   2.2716e+01   1.7955e+01   1.1370e+01   1.1613e+01   1.1993e+01 
  1.2726e+01   1.1269e+01   1.2325e+01   2.2450e+01   1.7965e+01   1.1264e+01   1.1450e+01   1.1782e+01 
  1.2697e+01   1.1098e+01   1.2031e+01   2.2229e+01   1.7687e+01   1.1141e+01   1.1500e+01   1.1697e+01 
  1.2662e+01   1.1115e+01   1.1826e+01   2.1745e+01   1.7223e+01   1.0998e+01   1.1440e+01   1.1465e+01 
  1.2607e+01   1.1113e+01   1.1738e+01   2.1888e+01   1.7146e+01   1.0789e+01   1.1142e+01   1.1291e+01 
  1.2416e+01   1.1036e+01   1.1811e+01   2.2030e+01   1.7254e+01   1.0614e+01   1.0887e+01   1.1103e+01 
  1.2004e+01   1.0931e+01   1.1846e+01   2.1377e+01   1.6974e+01   1.0400e+01   1.0572e+01   1.0751e+01 
  1.1652e+01   1.0742e+01   1.1651e+01   2.1212e+01   1.6727e+01   9.9842e+00   1.0152e+01   1.0473e+01 
  1.1369e+01   1.0349e+01   1.1241e+01   2.0517e+01   1.6022e+01   9.7783e+00   9.8478e+00   1.0172e+01 
  1.0992e+01   1.0031e+01   1.0757e+01   1.9441e+01   1.5319e+01   9.4067e+00   9.5169e+00   9.8940e+00 
  1.0813e+01   9.7925e+00   1.0475e+01   1.8543e+01   1.4824e+01   9.6293e+00   9.5877e+00   9.8835e+00 
  1.0500e+01   9.4152e+00   1.0236e+01   1.8790e+01   1.5154e+01   1.0079e+01   9.9071e+00   1.0036e+01 
  1.0560e+01   9.4505e+00   1.0317e+01   1.8718e+01   1.5909e+01   1.1064e+01   1.1607e+01   1.0730e+01 
  1.1390e+01   1.0272e+01   1.1846e+01   2.2568e+01   1.8967e+01   1.2631e+01   1.2902e+01   1.1662e+01 
  1.2636e+01   1.2297e+01   1.4278e+01   2.6535e+01   2.1098e+01   1.3065e+01   1.2738e+01   1.2454e+01 
  1.3824e+01   1.3546e+01   1.5216e+01   2.7269e+01   2.1025e+01   1.2158e+01   1.1956e+01   1.1942e+01 
  1.4024e+01   1.2966e+01   1.3850e+01   2.4236e+01   1.8693e+01   1.0879e+01   1.0788e+01   1.0758e+01 
  1.2674e+01   1.1293e+01   1.2014e+01   2.0945e+01   1.5933e+01   9.4207e+00   9.4698e+00   9.5274e+00 
  1.0628e+01   9.4451e+00   1.0133e+01   1.7559e+01   1.3666e+01   8.0828e+00   8.2912e+00   8.5605e+00 
  8.9644e+00   7.9728e+00   8.5450e+00   1.5117e+01   1.1854e+01   7.2445e+00   7.3870e+00   7.7634e+00 
  7.8596e+00   7.1445e+00   7.6242e+00   1.3679e+01   1.0636e+01   6.4436e+00   6.6105e+00   6.8926e+00 
  6.8323e+00   6.3918e+00   6.9152e+00   1.2431e+01   9.4110e+00   5.4800e+00   5.8171e+00   5.9970e+00 
  5.9328e+00   5.4971e+00   6.0404e+00   1.0373e+01   7.6402e+00   4.7705e+00   4.9383e+00   5.0192e+00 
  4.9731e+00   4.5649e+00   5.1243e+00   8.3553e+00   6.2636e+00   3.9390e+00   4.1992e+00   4.2276e+00 
  3.9783e+00   3.4683e+00   3.9166e+00   7.7197e+00   5.6587e+00   3.2306e+00   3.5965e+00   3.5079e+00 
  3.1953e+00   2.7794e+00   3.0398e+00   6.3941e+00   4.6666e+00   2.6489e+00   2.7641e+00   2.5799e+00 
  2.5324e+00   1.9441e+00   2.4866e+00   2.5561e+00   2.7950e+00   1.6686e+00   2.0537e+00   2.3680e+00 
  1.7810e+00   1.4141e+00   1.9707e+00   3.9600e+00   2.7588e+00   2.1077e+00   1.6223e+00   1.7728e+00 
  1.3610e+00   1.6967e+00   1.7681e+00   2.7254e+00   2.5866e+00   1.4577e+00   1.5489e+00   1.3613e+00 
  1.0319e+00   1.2491e+00   2.2438e+00   4.7685e+00   3.8408e+00   1.9017e+00   9.2784e-01   7.6727e-01 
  1.2545e+00   9.5487e-01   1.0708e+00   2.6534e+00   1.9412e+00   6.0981e-01   7.8951e-01   9.1269e-01 
  9.6611e-01   6.7019e-01   1.3215e+00   1.9115e+00   6.2548e-01   5.1176e-01   7.8237e-01   5.8085e-01 
  9.5057e-01   8.5683e-01   1.3704e+00   1.3709e+00   7.5543e-01   1.4953e+00   7.6583e-01   5.7210e-01 
  7.5890e-01   2.0212e+00   2.6092e+00   8.3575e-01   8.2264e-01   7.6905e-01   1.0192e+00   7.7970e-01 
  7.2944e-01   1.2174e+00   1.4889e+00   7.3413e-01   8.6490e-01   7.6418e-01   8.2772e-01   6.1982e-01 
  1.8646e+00   7.2284e-01   2.3606e+00   3.7201e+00   1.2250e+00   1.5533e+00   1.4051e+00   9.4129e-01 
  6.2293e-01   6.6545e-01   8.9354e-01   8.9354e-01  -9.9900e+02   2.2530e+00   1.0600e+00   8.0317e-01 
  9.4603e-01   3.3833e+00   2.3564e+00   1.8510e+01   1.6458e+01   1.4063e+00   7.8771e-01   9.0351e-01 
  6.7659e-01   3.0676e+00   3.0676e+00   1.2882e+00   7.6907e-01   1.5445e+00   4.4839e+00   1.2869e+00 
  6.0236e-01   2.3117e+00   2.5648e+00   3.2233e+00   4.0521e+00   8.5051e-01   2.9916e+00   1.6581e+00 
 -9.9900e+02   2.6995e+00   2.6995e+00  -9.9900e+02   2.3830e+00   1.3334e+00   1.1656e+00   1.5071e+00 
  6.6921e-01   1.0448e+00   1.0756e+00   1.3299e+00   2.4058e+00   1.2846e+00   1.1417e+00   1.2480e+00 
  3.8496e+00   2.4552e+00   7.0534e+00   7.7238e+00   1.0882e+01   5.9386e-01   4.8757e-01   7.5220e-01 
  1.1342e+00   1.6704e+00   2.9790e+00   1.8179e+01   1.8179e+01   2.1886e+00   1.8529e+00   8.0615e-01 
  4.0768e-01   4.0768e-01  -9.9900e+02  -9.9900e+02  -9.9900e+02   1.1595e+00   1.1595e+00  -9.9900e+02 
 -9.9900e+02   3.8415e+00   3.8996e+00   1.2206e+01   1.2705e+01   2.7490e+00   2.0795e+00   1.1115e+00 
  8.6061e-01   1.3920e+00   2.0162e+00   1.5421e+01   1.4717e+01   1.0140e+00   6.0547e-01   6.0047e-01 
  5.9793e-01   3.8946e+00   5.0107e+00   3.9496e+01   2.4078e+01   8.5016e-01   1.1257e+00   2.3289e+00 
 -9.9900e+02   4.8282e+00   3.7591e+00   7.5772e+00   1.3217e+01   1.0552e+00   1.8931e+00   1.3063e+00 
 -9.9900e+02   3.5793e+00   3.5793e+00   2.0049e+01   1.8070e+01   1.2945e+00   1.2945e+00  -9.9900e+02 
 -9.9900e+02   3.4782e+00   3.6446e+00   8.3990e+00   4.4702e+00   7.2804e-01   6.4074e-01  -9.9900e+02 
  7.6862e+00   5.9349e+00   3.9353e+00   4.1068e+00   7.0658e-01   6.8113e-01   2.1469e+00   2.9306e+00 

Temperature (K)
   222.71    224.21    217.75    220.18    222.74    219.55    220.23    214.62 
   217.12    218.11    219.69    224.21    220.69    219.56    216.66    210.51 
   216.53    215.55    213.26    215.36    212.82    211.92    212.79    211.08 
   210.20    211.66    214.66    214.27    214.51    208.00    209.57    207.27 
   205.90    208.88    212.52    213.33    210.87    207.56    207.64    202.87 
   205.01    206.70    206.97    210.70    210.39    203.26    203.85    201.45 
   204.53    203.57    202.13    204.72    204.37    199.73    198.28    197.17 
   200.84    200.01    201.02    204.56    198.29    195.51    195.99    194.21 
   197.39    198.36    199.47    200.53    192.92    192.34    194.65    193.09 
   194.52    195.10    196.62    195.56    191.17    188.94    189.49    191.12 
   188.56    191.10    195.19    192.54    185.73    183.75    186.14    186.77 
   183.14    186.92    192.96    193.49    192.44    183.57    182.68    184.31 
   189.37    189.10    188.88    187.24    187.99    187.13    185.54    187.98 
   186.29    189.54    192.83    195.32    189.87    184.59    185.70    186.03 
   184.04    188.38    188.73    183.97    183.70    186.55    185.54    186.33 
   184.88    187.57    186.62    186.27    186.77    183.35    187.10    185.39 
   184.06    185.58    182.23    179.30    178.12    179.65    183.68    181.63 
   182.32    184.00    180.89    181.16    178.39    178.23    183.09    181.47 
   179.90    182.40    180.36    174.68    174.27    176.39    180.17    180.25 
   177.14    179.37    178.88    175.54    173.83    174.58    175.86    176.92 
   173.99    174.99    175.18    173.62    172.73    172.61    172.44    174.17 
   171.86    170.01    170.71    171.26    169.35    170.97    173.48    172.77 
   170.54    168.22    167.95    168.29    165.69    167.19    171.42    170.38 
   168.60    166.58    165.99    165.38    163.02    164.00    166.86    167.92 
   165.32    162.76    162.73    161.92    162.69    161.70    164.93    165.05 
   161.22    162.29    162.65    161.13    159.90    159.35    161.46    161.33 
   160.02    162.83    162.53    160.57    158.18    155.05    157.23    157.40 
   157.54    158.59    156.43    156.74    152.89    151.78    153.37    153.41 
   153.22    152.39    150.76    149.65    149.11    150.04    150.42    150.46 
   149.48    151.62    149.73    146.69    144.07    148.17    148.80    147.86 
   146.77    145.82    147.11    151.01    146.28    145.67    147.48    146.36 
   144.81    146.52    147.40    143.85    144.96    148.05    150.41    148.61 
   143.70    145.14    147.40    152.21    150.48    149.30    149.55    146.82 
   145.11    147.56    148.67    146.51    147.28    150.75    150.96    149.48 
   146.85    147.95    149.97    149.88    150.26    152.02    152.46    152.45 
   149.17    151.73    152.31    151.32    151.39    153.68    154.60    155.37 
   152.94    154.73    153.69    153.63    152.33    156.13    156.99    157.06 
   154.57    154.23    153.23    155.09    156.56    157.92    157.32    157.75 
   155.69    155.81    151.88    159.43    160.90    158.17    158.86    159.27 
   157.68    159.47    156.30    158.47    159.32    157.97    156.95    157.22 
   153.12    157.29    159.78    169.50    163.91    157.47    159.11    160.20 
   156.23    159.82    163.78    160.53    153.29    157.72    158.79    158.72 
   155.22    159.95    167.58    162.12    165.46    160.97    159.41    159.92 
   150.03    146.06    162.64    162.62    162.11    171.59    174.61    164.51 
   171.57    158.69   -999.00   -999.00   -999.00    174.60    178.23    165.31 
   185.66   -999.00   -999.00   -999.00    180.03    202.76   -999.00   -999.00 
  -999.00   -999.00   -999.00    171.29    183.19    201.10   -999.00   -999.00 
   184.87    157.40    180.52   -999.00   -999.00   -999.00    190.47    193.91 
  -999.00   -999.00   -999.00   -999.00   -999.00    188.80    198.13    162.85 
  -999.00   -999.00   -999.00   -999.00   -999.00   -999.00   -999.00   -999.00 
  -999.00   -999.00   -999.00   -999.00   -999.00   -999.00   -999.00   -999.00 
  -999.00   -999.00   -999.00   -999.00   -999.00   -999.00   -999.00   -999.00 
  -999.00   -999.00   -999.00   -999.00   -999.00   -999.00   -999.00   -999.00 
  -999.00   -999.00   -999.00   -999.00   -999.00   -999.00   -999.00   -999.00 
  -999.00   -999.00   -999.00   -999.00   -999.00   -999.00   -999.00   -999.00 
  -999.00   -999.00   -999.00   -999.00   -999.00   -999.00   -999.00   -999.00 
  -999.00   -999.00   -999.00   -999.00   -999.00   -999.00   -999.00   -999.00 
  -999.00   -999.00   -999.00   -999.00   -999.00   -999.00   -999.00   -999.00 
  -999.00   -999.00   -999.00   -999.00   -999.00   -999.00   -999.00   -999.00 
  -999.00   -999.00   -999.00   -999.00   -999.00   -999.00   -999.00   -999.00 
  -999.00   -999.00   -999.00   -999.00   -999.00   -999.00   -999.00   -999.00 
  -999.00   -999.00   -999.00   -999.00   -999.00   -999.00   -999.00   -999.00 
  -999.00   -999.00   -999.00   -999.00   -999.00   -999.00   -999.00   -999.00 
  -999.00   -999.00   -999.00   -999.00   -999.00   -999.00   -999.00   -999.00 
  -999.00   -999.00   -999.00   -999.00   -999.00   -999.00   -999.00   -999.00 
  -999.00   -999.00   -999.00   -999.00   -999.00   -999.00   -999.00   -999.00 
  -999.00   -999.00   -999.00   -999.00   -999.00   -999.00   -999.00   -999.00 
  -999.00   -999.00   -999.00   -999.00   -999.00   -999.00   -999.00   -999.00 
  -999.00   -999.00   -999.00   -999.00   -999.00   -999.00   -999.00   -999.00 
  -999.00   -999.00   -999.00   -999.00   -999.00   -999.00   -999.00   -999.00 
  -999.00   -999.00   -999.00   -999.00   -999.00   -999.00   -999.00   -999.00 

Temperature Error (K)
     6.77      7.20      7.84     20.99     16.15      7.91      7.53      6.96 
     5.96      6.25      7.85     17.74     14.22      7.62      6.97      6.26 
     5.92      5.48      6.42     14.97     11.50      6.34      6.25      6.71 
     5.23      5.00      6.13     12.51     10.82      5.99      6.11      5.90 
     4.73      4.73      5.86     11.70      9.61      6.25      5.78      5.02 
     4.85      4.60      5.37     11.79      9.63      5.50      5.16      4.75 
     5.12      4.51      5.09     10.83      8.76      4.93      4.55      4.20 
     4.79      4.31      5.07     10.14      7.86      4.27      4.43      4.14 
     4.56      4.32      5.21     10.65      7.92      4.14      4.36      4.32 
     4.53      4.27      5.15     10.53      7.88      3.97      4.03      4.42 
     4.19      4.09      5.08      9.78      7.45      3.84      3.96      4.17 
     3.60      3.69      4.73      9.61      9.09      3.94      3.59      3.84 
     3.60      3.38      3.99      9.10      7.53      4.36      3.33      3.71 
     3.09      3.03      3.63      8.13      6.74      3.69      2.95      3.05 
     2.74      2.84      3.33      6.14      5.25      3.37      2.71      2.87 
     2.73      2.73      3.16      6.49      5.48      2.75      2.74      2.62 
     2.73      2.61      2.91      5.80      4.52      2.58      2.50      2.40 
     2.70      2.56      2.84      6.02      4.64      2.50      2.60      2.47 
     2.64      2.57      2.87      4.96      4.05      2.43      2.53      2.49 
     2.60      2.56      2.91      5.23      3.94      2.40      2.45      2.47 
     2.49      2.51      2.88      5.34      4.16      2.47      2.26      2.43 
     2.50      2.37      2.85      5.46      4.23      2.52      2.45      2.44 
     2.46      2.33      2.85      5.52      4.33      2.43      2.50      2.45 
     2.43      2.33      2.84      5.25      4.06      2.30      2.33      2.45 
     2.44      2.26      2.72      4.91      4.03      2.24      2.40      2.42 
     2.31      2.34      2.76      5.11      4.09      2.30      2.34      2.41 
     2.45      2.49      2.84      5.43      4.36      2.25      2.38      2.41 
     2.47      2.51      2.73      5.50      4.08      2.25      2.38      2.39 
     2.42      2.36      2.68      5.05      4.09      2.35      2.31      2.44 
     2.27      2.46      2.78      5.35      4.03      2.30      2.33      2.35 
     2.43      2.38      2.82      6.38      4.68      2.09      2.21      2.29 
     2.43      2.48      2.89      5.05      4.06      2.08      2.14      2.35 
     2.27      2.25      2.52      5.29      4.00      1.80      1.80      2.00 
     2.09      1.97      2.12      3.62      2.98      1.82      1.87      2.01 
     1.92      1.77      2.06      3.92      3.32      2.04      2.10      2.25 
     2.00      2.07      2.43      4.76      3.94      2.43      2.46      2.70 
     2.46      2.59      2.98      6.68      5.26      3.16      3.05      3.24 
     3.05      3.16      3.66      9.29      7.43      3.85      3.65      3.77 
     3.72      3.95      4.40     13.65     10.50      4.21      4.05      4.26 
     4.52      4.89      5.47     13.13     10.85      4.54      4.45      4.57 
     4.83      5.51      6.67     28.03     19.99      5.25      5.39      5.79 
     6.45      7.27      8.72     16.04     13.14      7.34      6.68      6.77 
     7.69      9.30     12.02     21.02     21.64      9.40      8.06      8.65 
     9.77     11.27     22.24     30.87     18.41     14.10     13.10     14.26 
    24.03     22.19     86.84    273.84     61.76     20.19     27.55     16.38 
    37.77     50.87    146.15    164.76     34.18     44.31     77.54     84.00 
    77.94     86.19    165.90     25.52     28.42     42.32    101.85     79.28 
    33.29     27.53     44.85     53.73    177.56     60.58     35.39     35.91 
   115.35     85.13     91.67     81.56    131.99     45.57     48.91     43.15 
   145.28    398.38    228.42    249.74     80.19     79.58    124.14    367.86 
   108.47   -999.00   -999.00   -999.00    239.90    131.56    220.13    591.65 
   133.56   -999.00    453.61    453.61    453.61   -999.00    146.41    146.41 
  -999.00   -999.00   -999.00   -999.00   -999.00   -999.00    227.60    227.60 
  -999.00   -999.00   -999.00    148.42    607.39   1455.80   -999.00   -999.00 
   168.30    168.30   -999.00   -999.00   -999.00   -999.00   -999.00    247.59 
  1038.14   1038.14   -999.00   -999.00   -999.00   -999.00   -999.00   -999.00 
  -999.00   -999.00   -999.00   -999.00   -999.00   -999.00   -999.00   -999.00 
  -999.00   -999.00   -999.00   -999.00   -999.00   -999.00   -999.00   -999.00 
  -999.00   -999.00   -999.00   -999.00   -999.00   -999.00   -999.00   -999.00 
  -999.00   -999.00   -999.00   -999.00   -999.00   -999.00   -999.00   -999.00 
   721.40   -999.00   -999.00   -999.00   -999.00    442.32    846.59   1313.39 
  -999.00   -999.00   -999.00   -999.00   -999.00   -999.00   -999.00   -999.00 
  -999.00   -999.00   -999.00   -999.00   -999.00    408.95    408.95    408.95 
  -999.00   -999.00   -999.00   -999.00   -999.00   -999.00   -999.00   -999.00 
  -999.00   -999.00   -999.00   -999.00   -999.00   1275.95   1275.95   1275.95 
  -999.00   -999.00   -999.00   -999.00   -999.00   -999.00   -999.00   -999.00 
  -999.00   -999.00   -999.00   -999.00   -999.00   -999.00   -999.00   -999.00 
  -999.00   -999.00   -999.00   -999.00    746.38    746.38    746.38    657.49 
  -999.00   -999.00   -999.00   -999.00   1684.03   1684.03   1684.03   -999.00 
  -999.00   -999.00   -999.00   -999.00   -999.00   -999.00   -999.00   -999.00 
  -999.00   -999.00   -999.00   -999.00   -999.00   -999.00   -999.00   -999.00 

Vertical Wind (m/s)
     0.67     -1.02      0.20     -2.84     -5.04     -2.53     -2.25     -1.39 
    -1.12     -0.59      1.61     -2.57     -5.26     -2.54     -2.95     -2.42 
    -2.28     -2.23      0.34     -2.81     -3.21     -3.01     -4.20     -1.26 
    -1.25     -2.66     -0.04     -2.48     -3.77     -2.87     -3.49     -0.13 
    -1.91     -2.40     -1.20     -3.06     -3.68     -3.62     -2.70     -1.85 
    -1.76     -2.23     -0.63     -0.80     -1.62     -2.97     -3.29     -2.24 
    -0.79     -1.08      1.47      1.06     -1.14     -2.12     -2.86      0.03 
    -2.25     -0.99      1.88      1.67      0.16     -1.87     -3.11     -0.88 
    -3.19     -2.57     -0.86      2.25      1.48     -1.50     -3.10     -2.22 
    -1.01     -3.18     -2.66      0.35      1.52     -0.64     -2.41     -0.54 
    -0.93     -2.50     -1.55     -0.35      0.20      0.10     -2.01      0.49 
    -1.25     -1.58     -0.14      0.76      0.82     -1.17     -1.80      0.60 
    -1.32     -1.25      0.54      1.54      1.65     -2.56     -3.01      1.61 
    -1.84     -1.51      1.74      1.38      0.98     -2.12     -3.77      2.32 
    -0.56     -0.43      2.06      0.83      1.58     -1.46     -3.16      1.57 
     1.60      1.47      1.04      2.40      3.48      0.19     -1.62      1.18 
     0.67      0.35      1.05      3.48      3.36      0.04     -2.65      1.35 
    -0.24     -0.22      1.65      3.37      3.19     -1.13     -3.41      0.46 
    -0.66     -0.96      1.44      4.52      3.72      0.00     -0.94      0.49 
    -0.36     -0.56      3.02      3.89      2.59      0.99     -0.13      0.19 
    -0.04      0.08      3.72      1.80      1.50      0.24     -0.60      0.02 
     0.29      1.80      4.56      1.86      0.46     -1.38     -0.21      1.32 
     0.72      1.86      3.54      1.87     -0.41     -1.90     -0.11      1.49 
     0.74      0.80      2.18      0.51     -0.91     -1.42      0.01      1.60 
     0.93      0.71      2.23      0.13     -0.56     -0.23      0.01      2.92 
     0.06      0.16      2.14      2.02     -0.71     -1.36     -1.36      2.16 
     0.11      0.14      1.35      2.59     -1.05     -1.93     -1.01      2.15 
     0.63      0.81      2.67      3.03     -0.14     -0.15     -0.36      2.23 
     1.53      1.41      2.41      3.51     -0.16     -0.08      0.44      1.57 
     1.34      1.33      0.80      0.32     -0.10     -0.02      0.96      0.82 
     0.43      0.91      2.14     -1.02     -0.32     -0.34      0.86      0.13 
     1.78      1.85      2.39     -1.26     -2.16     -1.08      1.30      1.05 
     3.25      2.88      1.14     -1.26     -1.58     -0.63      0.97      1.42 
     3.04      2.82      1.31      0.30     -0.01      0.37      0.66      1.17 
     2.28      1.61      0.24      0.45     -0.03      0.62      0.46      0.87 
     1.67      0.93      0.12      0.54     -0.25      0.08      1.14      1.14 
     0.98      0.61      1.29      0.21     -0.51     -0.16      1.97      0.52 
     0.84     -0.40      1.34     -1.57     -2.61     -1.02      0.98      0.69 
     1.08     -0.68     -1.16     -2.96     -2.78     -0.62      0.18     -0.38 
    -0.26     -2.20     -0.91     -1.49     -2.46      0.00     -0.28     -1.01 
     0.36     -2.59     -1.35     -1.26     -3.29      0.34      0.37     -1.41 
     0.53     -0.84     -2.27     -2.20     -2.50     -1.60      1.17     -1.90 
     1.39     -0.01     -0.58   -999.00     -2.16     -2.96      0.71     -0.11 
    -0.82   -999.00   -999.00   -999.00   -999.00     -1.25     -0.97     -2.90 
  -999.00   -999.00   -999.00   -999.00   -999.00   -999.00   -999.00   -999.00 
  -999.00   -999.00   -999.00   -999.00   -999.00   -999.00   -999.00   -999.00 
  -999.00   -999.00   -999.00   -999.00   -999.00   -999.00   -999.00   -999.00 
  -999.00   -999.00   -999.00   -999.00   -999.00   -999.00   -999.00   -999.00 
  -999.00   -999.00   -999.00   -999.00   -999.00   -999.00   -999.00   -999.00 
  -999.00   -999.00   -999.00   -999.00   -999.00   -999.00   -999.00   -999.00 
  -999.00   -999.00   -999.00   -999.00   -999.00   -999.00   -999.00   -999.00 
  -999.00   -999.00   -999.00   -999.00   -999.00   -999.00   -999.00   -999.00 
  -999.00   -999.00   -999.00   -999.00   -999.00   -999.00   -999.00   -999.00 
  -999.00   -999.00   -999.00   -999.00   -999.00   -999.00   -999.00   -999.00 
  -999.00   -999.00   -999.00   -999.00   -999.00   -999.00   -999.00   -999.00 
  -999.00   -999.00   -999.00   -999.00   -999.00   -999.00   -999.00   -999.00 
  -999.00   -999.00   -999.00   -999.00   -999.00   -999.00   -999.00   -999.00 
  -999.00   -999.00   -999.00   -999.00   -999.00   -999.00   -999.00   -999.00 
  -999.00   -999.00   -999.00   -999.00   -999.00   -999.00   -999.00   -999.00 
  -999.00   -999.00   -999.00   -999.00   -999.00   -999.00   -999.00   -999.00 
  -999.00   -999.00   -999.00   -999.00   -999.00   -999.00   -999.00   -999.00 
  -999.00   -999.00   -999.00   -999.00   -999.00   -999.00   -999.00   -999.00 
  -999.00   -999.00   -999.00   -999.00   -999.00   -999.00   -999.00   -999.00 
  -999.00   -999.00   -999.00   -999.00   -999.00   -999.00   -999.00   -999.00 
  -999.00   -999.00   -999.00   -999.00   -999.00   -999.00   -999.00   -999.00 
  -999.00   -999.00   -999.00   -999.00   -999.00   -999.00   -999.00   -999.00 
  -999.00   -999.00   -999.00   -999.00   -999.00   -999.00   -999.00   -999.00 
  -999.00   -999.00   -999.00   -999.00   -999.00   -999.00   -999.00   -999.00 
  -999.00   -999.00   -999.00   -999.00   -999.00   -999.00   -999.00   -999.00 
  -999.00   -999.00   -999.00   -999.00   -999.00   -999.00   -999.00   -999.00 
  -999.00   -999.00   -999.00   -999.00   -999.00   -999.00   -999.00   -999.00 

Vertical Wind Error (m/s)
     2.90      3.27      4.20      4.21      3.72      3.23      3.21      3.54 
     2.78      3.10      3.89      4.12      3.69      3.19      3.06      3.41 
     2.69      2.90      3.43      3.96      3.63      3.07      2.93      3.15 
     2.58      2.68      3.11      3.51      3.31      2.81      2.85      2.96 
     2.43      2.47      2.96      3.14      2.92      2.58      2.67      2.80 
     2.31      2.36      2.84      3.06      2.67      2.39      2.41      2.61 
     2.30      2.35      2.79      3.03      2.52      2.21      2.24      2.45 
     2.31      2.38      2.75      2.91      2.45      2.13      2.15      2.29 
     2.27      2.41      2.77      2.82      2.38      2.10      2.11      2.23 
     2.24      2.41      2.87      2.87      2.41      2.08      2.14      2.32 
     2.22      2.39      2.84      2.90      2.50      2.14      2.17      2.34 
     2.20      2.30      2.69      2.84      2.46      2.19      2.17      2.27 
     2.07      2.13      2.53      2.67      2.30      2.11      2.09      2.15 
     1.85      1.90      2.27      2.33      2.04      1.94      1.93      1.96 
     1.66      1.72      2.08      2.07      1.79      1.72      1.74      1.73 
     1.57      1.62      1.98      1.97      1.67      1.52      1.53      1.55 
     1.54      1.59      1.87      1.89      1.61      1.40      1.40      1.45 
     1.53      1.57      1.82      1.85      1.57      1.36      1.37      1.40 
     1.52      1.57      1.82      1.84      1.54      1.34      1.34      1.37 
     1.51      1.59      1.86      1.85      1.55      1.32      1.31      1.37 
     1.50      1.60      1.89      1.87      1.57      1.33      1.33      1.39 
     1.48      1.57      1.87      1.90      1.59      1.35      1.35      1.40 
     1.44      1.54      1.83      1.90      1.61      1.36      1.34      1.39 
     1.41      1.53      1.81      1.86      1.61      1.37      1.34      1.40 
     1.42      1.54      1.82      1.86      1.60      1.37      1.36      1.43 
     1.47      1.59      1.89      1.91      1.61      1.37      1.39      1.48 
     1.52      1.64      1.95      1.96      1.65      1.40      1.42      1.51 
     1.56      1.68      2.00      2.03      1.70      1.44      1.46      1.54 
     1.60      1.71      2.05      2.08      1.75      1.49      1.50      1.58 
     1.63      1.77      2.09      2.12      1.79      1.51      1.53      1.60 
     1.66      1.81      2.14      2.15      1.81      1.51      1.53      1.63 
     1.68      1.83      2.18      2.12      1.83      1.40      1.41      1.60 
     1.61      1.82      2.12      1.98      1.73      1.23      1.24      1.44 
     1.47      1.66      1.89      1.73      1.49      1.16      1.19      1.31 
     1.32      1.44      1.64      1.61      1.38      1.22      1.24      1.35 
     1.27      1.38      1.63      1.71      1.48      1.34      1.38      1.50 
     1.40      1.53      1.83      1.94      1.71      1.54      1.59      1.72 
     1.68      1.82      2.20      2.33      2.08      1.84      1.85      1.98 
     2.01      2.24      2.64      2.83      2.49      2.14      2.16      2.26 
     2.37      2.66      3.14      3.34      2.85      2.42      2.41      2.50 
     2.72      3.00      3.62      3.78      3.23      2.75      2.75      2.80 
     3.12      3.47      4.13      4.32      3.84      3.20      3.20      3.30 
     3.70      4.13      4.85      5.22      4.67      3.92      3.85      4.02 
     4.47      5.07      6.00      6.57      5.89      4.82      4.58      4.71 
     5.88      6.53      8.05      8.76      8.27      6.54      5.90      6.05 
     8.70     10.25     11.86     13.64     12.75     10.53      8.98      9.01 
    13.05     16.03     19.55     22.57     22.77     18.56     14.75     16.42 
    23.75     27.05     34.85     36.11     38.98     28.28     23.16     26.29 
    47.60     69.06     60.76     63.46     79.65     45.48     46.00     49.56 
    85.08    154.02    122.90    142.17     96.35     67.10     68.71    120.06 
   104.77    200.66    188.89    178.21    118.59     87.49     91.19    153.79 
   142.02    196.64    231.33    197.92    205.65    259.03    165.55    143.95 
  -999.00   -999.00   -999.00    220.20    206.65    244.62    203.31    187.85 
  -999.00   -999.00   -999.00    635.45    406.30    595.29    237.22    165.41 
   271.67    281.46   -999.00   -999.00   -999.00   -999.00   -999.00    206.18 
   417.79    417.79   -999.00   -999.00   -999.00   -999.00   -999.00    379.54 
   373.14    373.14   -999.00    324.88    324.88   -999.00   -999.00    423.95 
   452.16   -999.00   -999.00   -999.00   -999.00   -999.00   -999.00   -999.00 
  -999.00   -999.00   -999.00   -999.00   -999.00   -999.00   -999.00   -999.00 
  -999.00   -999.00   -999.00   -999.00   -999.00    547.72    581.98    442.30 
   379.50   -999.00   -999.00   -999.00   -999.00    548.99    550.19    455.42 
   333.88    594.22    525.68   -999.00    686.91    646.09    646.93   -999.00 
   378.97    378.97   -999.00   -999.00   -999.00    513.59    513.59   -999.00 
  -999.00   -999.00   -999.00   -999.00   -999.00   -999.00   -999.00   -999.00 
  -999.00   -999.00   -999.00   -999.00   -999.00   -999.00   -999.00   -999.00 
  -999.00   -999.00   -999.00   -999.00   -999.00   -999.00   -999.00   -999.00 
   553.95    553.95   -999.00   -999.00   -999.00   -999.00   -999.00   -999.00 
  -999.00   -999.00   -999.00   -999.00    282.75    211.70    263.55    245.57 
  -999.00   -999.00   -999.00   -999.00    746.44    741.71    807.66   -999.00 
  -999.00   -999.00   -999.00   -999.00    658.38    605.10    625.52   -999.00 
  -999.00   -999.00   -999.00   -999.00   -999.00   -999.00   -999.00   -999.00 

Zonal Wind (m/s)
  -999.00   -999.00   -999.00   -999.00   -999.00   -999.00   -999.00   -999.00 
  -999.00   -999.00   -999.00   -999.00   -999.00   -999.00   -999.00   -999.00 
  -999.00   -999.00   -999.00   -999.00   -999.00     91.30   -999.00   -999.00 
  -999.00   -999.00   -999.00   -999.00   -999.00     87.89     84.67   -999.00 
  -999.00   -999.00   -999.00   -999.00   -999.00     86.56     92.55    100.67 
  -999.00   -999.00   -999.00   -999.00   -999.00     92.34     92.09     85.73 
  -999.00   -999.00   -999.00   -999.00   -999.00     92.20     82.56     91.82 
  -999.00   -999.00   -999.00   -999.00   -999.00     94.93     83.93     91.88 
  -999.00   -999.00   -999.00   -999.00   -999.00     93.69     93.44     94.42 
  -999.00   -999.00   -999.00   -999.00   -999.00     95.00     98.94    107.33 
  -999.00   -999.00   -999.00   -999.00   -999.00     95.99    105.41    107.14 
  -999.00   -999.00   -999.00   -999.00   -999.00     89.63     84.39     85.28 
    89.86     89.86   -999.00   -999.00     79.25     77.65     73.23     75.48 
    54.41     54.41   -999.00   -999.00     71.18     76.48     69.24     71.05 
    48.77     48.77   -999.00   -999.00     67.95     59.50     63.56     77.61 
    55.28     55.28   -999.00   -999.00     32.08     44.52     53.11     53.55 
    42.38     42.38   -999.00   -999.00     35.60     41.74     48.04     42.92 
    32.43     32.43   -999.00   -999.00     35.29     36.74     29.28     24.02 
    22.77     22.77   -999.00   -999.00     31.89     31.02     17.91     12.23 
     3.32      3.32   -999.00   -999.00      9.20      7.38     -5.23     -2.19 
    -9.28     -9.28   -999.00   -999.00      5.85      4.64     -3.95     -9.80 
   -21.89    -21.89   -999.00   -999.00     -5.58    -13.48    -26.21    -26.16 
   -19.43    -19.43   -999.00   -999.00    -10.64    -29.79    -44.51    -42.16 
   -24.82    -24.82   -999.00   -999.00    -25.92    -45.90    -62.58    -54.47 
   -35.41    -35.41   -999.00   -999.00    -36.07    -49.06    -65.13    -58.40 
   -47.79    -47.79   -999.00   -999.00    -45.74    -55.45    -62.98    -48.92 
   -68.38    -68.38   -999.00   -999.00    -40.94    -52.81    -58.08    -44.77 
   -74.77    -74.77   -999.00   -999.00    -59.25    -56.67    -48.48    -46.08 
   -64.49    -64.49   -999.00   -999.00    -65.00    -60.47    -68.92    -74.11 
   -59.78    -59.78   -999.00   -999.00    -52.34    -62.41    -80.69    -78.27 
   -55.28    -55.28   -999.00   -999.00    -87.03    -79.78    -80.87    -79.22 
   -78.65    -78.65   -999.00   -999.00   -109.20    -98.43    -82.93    -86.80 
   -86.17    -86.17   -999.00   -999.00   -102.27    -97.67    -91.45    -88.79 
  -102.77   -102.77   -999.00   -999.00   -107.25   -102.42   -103.81   -106.24 
   -92.33    -92.33   -999.00   -999.00   -115.49   -108.14    -94.85    -94.08 
   -90.00    -90.00   -999.00   -999.00   -115.12   -100.96    -84.70    -97.73 
  -999.00   -999.00   -999.00   -999.00   -999.00    -82.89    -73.48   -100.84 
  -999.00   -999.00   -999.00   -999.00   -999.00    -65.50    -54.96    -84.66 
  -999.00   -999.00   -999.00   -999.00   -999.00    -56.29    -48.04    -64.91 
  -999.00   -999.00   -999.00   -999.00   -999.00   -999.00   -999.00   -999.00 
  -999.00   -999.00   -999.00   -999.00   -999.00   -999.00   -999.00   -999.00 
  -999.00   -999.00   -999.00   -999.00   -999.00   -999.00   -999.00   -999.00 
  -999.00   -999.00   -999.00   -999.00   -999.00   -999.00   -999.00   -999.00 
  -999.00   -999.00   -999.00   -999.00   -999.00   -999.00   -999.00   -999.00 
  -999.00   -999.00   -999.00   -999.00   -999.00   -999.00   -999.00   -999.00 
  -999.00   -999.00   -999.00   -999.00   -999.00   -999.00   -999.00   -999.00 
  -999.00   -999.00   -999.00   -999.00   -999.00   -999.00   -999.00   -999.00 
  -999.00   -999.00   -999.00   -999.00   -999.00   -999.00   -999.00   -999.00 
  -999.00   -999.00   -999.00   -999.00   -999.00   -999.00   -999.00   -999.00 
  -999.00   -999.00   -999.00   -999.00   -999.00   -999.00   -999.00   -999.00 
  -999.00   -999.00   -999.00   -999.00   -999.00   -999.00   -999.00   -999.00 
  -999.00   -999.00   -999.00   -999.00   -999.00   -999.00   -999.00   -999.00 
  -999.00   -999.00   -999.00   -999.00   -999.00   -999.00   -999.00   -999.00 
  -999.00   -999.00   -999.00   -999.00   -999.00   -999.00   -999.00   -999.00 
  -999.00   -999.00   -999.00   -999.00   -999.00   -999.00   -999.00   -999.00 
  -999.00   -999.00   -999.00   -999.00   -999.00   -999.00   -999.00   -999.00 
  -999.00   -999.00   -999.00   -999.00   -999.00   -999.00   -999.00   -999.00 
  -999.00   -999.00   -999.00   -999.00   -999.00   -999.00   -999.00   -999.00 
  -999.00   -999.00   -999.00   -999.00   -999.00   -999.00   -999.00   -999.00 
  -999.00   -999.00   -999.00   -999.00   -999.00   -999.00   -999.00   -999.00 
  -999.00   -999.00   -999.00   -999.00   -999.00   -999.00   -999.00   -999.00 
  -999.00   -999.00   -999.00   -999.00   -999.00   -999.00   -999.00   -999.00 
  -999.00   -999.00   -999.00   -999.00   -999.00   -999.00   -999.00   -999.00 
  -999.00   -999.00   -999.00   -999.00   -999.00   -999.00   -999.00   -999.00 
  -999.00   -999.00   -999.00   -999.00   -999.00   -999.00   -999.00   -999.00 
  -999.00   -999.00   -999.00   -999.00   -999.00   -999.00   -999.00   -999.00 
  -999.00   -999.00   -999.00   -999.00   -999.00   -999.00   -999.00   -999.00 
  -999.00   -999.00   -999.00   -999.00   -999.00   -999.00   -999.00   -999.00 
  -999.00   -999.00   -999.00   -999.00   -999.00   -999.00   -999.00   -999.00 
  -999.00   -999.00   -999.00   -999.00   -999.00   -999.00   -999.00   -999.00 
  -999.00   -999.00   -999.00   -999.00   -999.00   -999.00   -999.00   -999.00 

Zonal Wind Error (m/s)
    27.61     27.61   -999.00   -999.00     30.22     21.32     22.79     24.34 
    27.12     27.12   -999.00   -999.00     28.74     20.96     22.67     23.71 
    25.63     25.63   -999.00   -999.00     27.10     18.98     21.78     22.01 
    23.86     23.86   -999.00   -999.00     24.22     17.04     19.23     21.18 
    23.05     23.05   -999.00   -999.00     22.89     15.92     17.44     18.95 
    23.75     23.75   -999.00   -999.00     22.49     15.43     16.53     17.67 
    23.59     23.59   -999.00   -999.00     22.80     15.52     16.26     16.76 
    23.41     23.41   -999.00   -999.00     22.13     15.29     16.20     16.80 
    23.08     23.08   -999.00   -999.00     21.75     15.62     16.76     17.78 
    22.80     22.80   -999.00   -999.00     23.78     16.53     17.05     17.89 
    22.49     22.49   -999.00   -999.00     22.72     15.64     16.45     16.97 
    20.89     20.89   -999.00   -999.00     21.57     14.71     14.77     15.71 
    19.30     19.30   -999.00   -999.00     19.93     13.28     12.54     14.04 
    16.48     16.48   -999.00   -999.00     16.79     11.35     11.00     11.86 
    15.68     15.68   -999.00   -999.00     15.71     10.65     10.41     10.80 
    15.50     15.50   -999.00   -999.00     15.13     10.33     10.11     10.46 
    15.11     15.11   -999.00   -999.00     14.51      9.92     10.03     10.22 
    14.85     14.85   -999.00   -999.00     14.35      9.84     10.00      9.99 
    14.46     14.46   -999.00   -999.00     14.09      9.78     10.10     10.28 
    13.91     13.91   -999.00   -999.00     13.83      9.62     10.03     10.39 
    13.28     13.28   -999.00   -999.00     13.97      9.77      9.95     10.39 
    13.50     13.50   -999.00   -999.00     14.37      9.85     10.08     10.31 
    14.00     14.00   -999.00   -999.00     14.44      9.88     10.23     10.48 
    14.49     14.49   -999.00   -999.00     14.71     10.07     10.46     10.92 
    14.86     14.86   -999.00   -999.00     15.15     10.29     10.77     11.23 
    15.16     15.16   -999.00   -999.00     15.47     10.57     11.02     11.53 
    15.55     15.55   -999.00   -999.00     16.03     10.77     11.15     11.52 
    16.29     16.29   -999.00   -999.00     16.32     10.98     11.44     11.75 
    16.53     16.53   -999.00   -999.00     16.48     11.29     11.78     12.08 
    16.51     16.51   -999.00   -999.00     14.22     10.47     11.79     12.15 
    16.45     16.45   -999.00   -999.00     11.86      9.08     10.56     10.59 
    14.74     14.74   -999.00   -999.00     12.12      8.46      9.30      9.98 
    12.85     12.85   -999.00   -999.00     12.86      8.80      9.40     10.31 
    12.28     12.28   -999.00   -999.00     14.00      9.63     10.26     11.29 
    13.70     13.70   -999.00   -999.00     16.20     11.18     11.80     12.79 
    16.66     16.66   -999.00   -999.00     18.99     13.15     13.94     15.01 
    21.18     21.18   -999.00   -999.00     22.39     15.52     16.14     17.15 
    25.03     25.03   -999.00   -999.00     25.45     17.41     17.40     18.25 
    28.25     28.25   -999.00   -999.00     28.31     19.61     19.52     19.53 
    31.42     31.42   -999.00   -999.00     34.45     23.43     22.34     22.87 
    38.46     38.46   -999.00   -999.00     49.11     31.16     29.45     28.49 
    52.19     52.19   -999.00   -999.00     58.61     37.82     36.78     34.46 
    66.93     66.93   -999.00   -999.00     66.36     44.79     43.96     43.37 
   104.21    104.21   -999.00   -999.00     97.77     75.21     65.23     58.25 
   145.98    145.98   -999.00   -999.00    138.48     94.13     83.80     87.67 
   179.40    179.40   -999.00   -999.00    271.89    180.99    159.15    358.71 
   339.07    339.07   -999.00   -999.00   -999.00    375.58    403.95    385.13 
  -999.00   -999.00   -999.00   -999.00   -999.00    403.76    403.76   -999.00 
  -999.00   -999.00   -999.00   -999.00   -999.00   -999.00   -999.00   -999.00 
  -999.00   -999.00   -999.00   -999.00   -999.00   -999.00   -999.00   -999.00 
  -999.00   -999.00   -999.00   -999.00   -999.00   -999.00   -999.00   -999.00 
  -999.00   -999.00   -999.00   -999.00   -999.00   -999.00   -999.00   -999.00 
  -999.00   -999.00   -999.00   -999.00   -999.00   -999.00   -999.00   -999.00 
  -999.00   -999.00   -999.00   -999.00   1291.51   1291.51   -999.00   -999.00 
  -999.00   -999.00   -999.00   -999.00   -999.00   -999.00   -999.00   -999.00 
  -999.00   -999.00   -999.00   -999.00   -999.00   -999.00   -999.00   -999.00 
  -999.00   -999.00   -999.00   -999.00   -999.00   -999.00   -999.00   -999.00 
  -999.00   -999.00   -999.00   -999.00   -999.00   -999.00   -999.00   -999.00 
  -999.00   -999.00   -999.00   -999.00   -999.00   -999.00   -999.00   -999.00 
  -999.00   -999.00   -999.00   -999.00   -999.00   -999.00   -999.00   -999.00 
  -999.00   -999.00   -999.00   -999.00   -999.00    661.94    661.94   -999.00 
  -999.00   -999.00   -999.00   -999.00   -999.00   -999.00   -999.00   -999.00 
  -999.00   -999.00   -999.00   -999.00   -999.00   -999.00   -999.00   -999.00 
  -999.00   -999.00   -999.00   -999.00   -999.00   -999.00   -999.00   -999.00 
  -999.00   -999.00   -999.00   -999.00   -999.00   1319.43   1319.43   1319.43 
  -999.00   -999.00   -999.00   -999.00   -999.00   -999.00   -999.00   -999.00 
  -999.00   -999.00   -999.00   -999.00   -999.00   -999.00   -999.00   -999.00 
  -999.00   -999.00   -999.00   -999.00   -999.00   -999.00   -999.00   -999.00 
  -999.00   -999.00   -999.00   -999.00   -999.00   -999.00   -999.00   -999.00 
  -999.00   -999.00   -999.00   -999.00   -999.00   -999.00   -999.00   -999.00 
  -999.00   -999.00   -999.00   -999.00   -999.00   -999.00   -999.00   -999.00 

Meridional Wind (m/s)
  -999.00   -999.00   -999.00   -999.00   -999.00   -999.00   -999.00   -999.00 
  -999.00   -999.00    -38.25   -999.00   -999.00   -999.00   -999.00   -999.00 
  -999.00    -39.62    -31.96   -999.00   -999.00   -999.00   -999.00   -999.00 
  -999.00    -23.15    -23.68   -999.00   -999.00   -999.00   -999.00   -999.00 
  -999.00     -7.98    -21.47   -999.00   -999.00   -999.00   -999.00   -999.00 
  -999.00     -2.78    -14.06   -999.00   -999.00   -999.00   -999.00   -999.00 
  -999.00    -13.91    -14.03   -999.00   -999.00   -999.00   -999.00   -999.00 
  -999.00    -10.94     -9.83   -999.00   -999.00   -999.00   -999.00   -999.00 
  -999.00    -11.16     -6.72   -999.00   -999.00   -999.00   -999.00   -999.00 
  -999.00     -7.04      2.53   -999.00   -999.00   -999.00   -999.00   -999.00 
  -999.00     -0.47      1.74   -999.00   -999.00   -999.00   -999.00   -999.00 
  -999.00      8.86      3.59   -999.00   -999.00   -999.00   -999.00   -999.00 
  -999.00     31.28     20.21   -999.00   -999.00   -999.00   -999.00   -999.00 
    16.76     25.67     26.65   -999.00   -999.00   -999.00   -999.00   -999.00 
    27.87     27.47     33.50   -999.00   -999.00   -999.00     56.06   -999.00 
    23.19     27.51     24.45     16.93   -999.00   -999.00     34.56     17.34 
    27.73     14.15     18.72     17.78   -999.00   -999.00     21.92     -0.61 
    -0.44     12.37     22.38     17.43   -999.00     37.59     10.57    -10.39 
    20.06     16.80     18.67     13.76   -999.00     13.79     -5.23    -22.17 
     8.16     10.95     10.70      7.49   -999.00     16.41      3.96     -2.10 
     7.83     13.08      4.33      8.46   -999.00     12.07      4.94      9.91 
    12.29     13.71      3.14      1.74   -999.00   -999.00      0.04   -999.00 
    11.51     12.97      5.36     -1.48   -999.00   -999.00    -14.18   -999.00 
    10.35      9.62      5.29     11.16   -999.00   -999.00     -9.64   -999.00 
     5.53      5.40     -4.79     -4.23   -999.00   -999.00   -999.00   -999.00 
     7.28      4.24     -1.08    -10.91   -999.00   -999.00   -999.00   -999.00 
     1.87      6.47      0.95   -999.00   -999.00   -999.00   -999.00   -999.00 
  -999.00     -5.68     -9.90   -999.00   -999.00   -999.00   -999.00   -999.00 
  -999.00     -5.21     -5.62   -999.00   -999.00   -999.00   -999.00   -999.00 
  -999.00     -1.40    -12.66   -999.00   -999.00   -999.00   -999.00   -999.00 
  -999.00     -0.59     -8.29   -999.00   -999.00   -999.00   -999.00   -999.00 
  -999.00     -4.27    -13.36   -999.00   -999.00   -999.00   -999.00   -999.00 
  -999.00     -9.26    -19.01   -999.00   -999.00    -48.56    -36.76   -999.00 
   -19.45    -24.48    -34.62    -50.33    -55.15    -59.21    -40.35    -51.70 
   -31.41    -40.60    -50.36    -56.79    -65.98    -64.11    -59.51   -999.00 
   -40.47    -56.09    -66.48    -78.03   -999.00   -999.00   -999.00   -999.00 
   -70.78    -73.17    -86.25   -999.00   -999.00   -999.00   -999.00   -999.00 
  -999.00   -104.70   -104.37   -999.00   -999.00   -999.00   -999.00   -999.00 
  -999.00   -999.00   -116.97   -999.00   -999.00   -999.00   -999.00   -999.00 
  -999.00   -999.00   -999.00   -999.00   -999.00   -999.00   -999.00   -999.00 
  -999.00   -999.00   -999.00   -999.00   -999.00   -999.00   -999.00   -999.00 
  -999.00   -999.00   -999.00   -999.00   -999.00   -999.00   -999.00   -999.00 
  -999.00   -999.00   -999.00   -999.00   -999.00   -999.00   -999.00   -999.00 
  -999.00   -999.00   -999.00   -999.00   -999.00   -999.00   -999.00   -999.00 
  -999.00   -999.00   -999.00   -999.00   -999.00   -999.00   -999.00   -999.00 
  -999.00   -999.00   -999.00   -999.00   -999.00   -999.00   -999.00   -999.00 
  -999.00   -999.00   -999.00   -999.00   -999.00   -999.00   -999.00   -999.00 
  -999.00   -999.00   -999.00   -999.00   -999.00   -999.00   -999.00   -999.00 
  -999.00   -999.00   -999.00   -999.00   -999.00   -999.00   -999.00   -999.00 
  -999.00   -999.00   -999.00   -999.00   -999.00   -999.00   -999.00   -999.00 
  -999.00   -999.00   -999.00   -999.00   -999.00   -999.00   -999.00   -999.00 
  -999.00   -999.00   -999.00   -999.00   -999.00   -999.00   -999.00   -999.00 
  -999.00   -999.00   -999.00   -999.00   -999.00   -999.00   -999.00   -999.00 
  -999.00   -999.00   -999.00   -999.00   -999.00   -999.00   -999.00   -999.00 
  -999.00   -999.00   -999.00   -999.00   -999.00   -999.00   -999.00   -999.00 
  -999.00   -999.00   -999.00   -999.00   -999.00   -999.00   -999.00   -999.00 
  -999.00   -999.00   -999.00   -999.00   -999.00   -999.00   -999.00   -999.00 
  -999.00   -999.00   -999.00   -999.00   -999.00   -999.00   -999.00   -999.00 
  -999.00   -999.00   -999.00   -999.00   -999.00   -999.00   -999.00   -999.00 
  -999.00   -999.00   -999.00   -999.00   -999.00   -999.00   -999.00   -999.00 
  -999.00   -999.00   -999.00   -999.00   -999.00   -999.00   -999.00   -999.00 
  -999.00   -999.00   -999.00   -999.00   -999.00   -999.00   -999.00   -999.00 
  -999.00   -999.00   -999.00   -999.00   -999.00   -999.00   -999.00   -999.00 
  -999.00   -999.00   -999.00   -999.00   -999.00   -999.00   -999.00   -999.00 
  -999.00   -999.00   -999.00   -999.00   -999.00   -999.00   -999.00   -999.00 
  -999.00   -999.00   -999.00   -999.00   -999.00   -999.00   -999.00   -999.00 
  -999.00   -999.00   -999.00   -999.00   -999.00   -999.00   -999.00   -999.00 
  -999.00   -999.00   -999.00   -999.00   -999.00   -999.00   -999.00   -999.00 
  -999.00   -999.00   -999.00   -999.00   -999.00   -999.00   -999.00   -999.00 
  -999.00   -999.00   -999.00   -999.00   -999.00   -999.00   -999.00   -999.00 
  -999.00   -999.00   -999.00   -999.00   -999.00   -999.00   -999.00   -999.00 

Meridional Wind Error (m/s)
    35.83     23.10     20.13     50.34     58.95     50.39     46.33     43.89 
    33.40     21.33     19.41     42.59     55.00     47.18     44.21     40.30 
    33.27     18.79     16.52     39.38     47.82     41.99     41.10     42.53 
    30.69     17.53     15.43     35.00     44.21     42.50     41.04     38.57 
    28.07     16.72     14.98     31.32     38.78     42.74     38.27     33.71 
    28.67     16.55     14.29     31.52     38.20     38.21     34.49     31.71 
    30.18     16.58     13.94     29.74     36.22     34.58     31.93     29.20 
    29.09     16.22     13.85     28.12     34.06     31.29     31.01     29.69 
    28.14     16.38     14.29     30.04     35.26     30.67     30.74     31.12 
    28.43     16.55     14.44     31.08     36.41     30.11     30.20     32.34 
    27.01     16.20     14.33     31.57     37.40     30.84     30.16     30.97 
    24.12     14.87     13.43     30.79     39.95     32.01     28.03     28.65 
    22.08     13.35     11.69     29.12     36.89     32.83     25.55     26.53 
    19.86     11.85     10.25     25.10     32.29     29.84     21.29     22.26 
    18.32     11.24      9.76     20.01     25.93     25.17     19.21     20.63 
    17.89     10.85      9.39     19.66     24.86     21.33     18.87     18.76 
    17.87     10.37      8.94     18.62     22.69     20.38     17.97     17.72 
    17.89     10.33      8.81     18.46     22.39     19.72     18.67     18.42 
    18.04     10.50      8.89     17.23     21.21     19.14     18.75     19.01 
    18.27     10.77      9.08     17.34     20.64     19.26     18.90     19.39 
    17.96     10.95      9.23     17.74     21.20     19.88     18.45     19.62 
    18.23     10.91      9.41     18.24     21.77     20.36     19.41     20.11 
    18.27     10.92      9.62     18.85     22.69     20.33     19.89     20.74 
    18.37     11.02      9.74     18.59     22.37     20.15     19.62     20.95 
    18.67     10.96      9.63     18.19     22.38     20.19     20.35     21.01 
    18.55     11.26      9.70     19.15     23.17     20.98     20.57     21.49 
    19.71     11.79      9.99     20.22     24.55     21.55     21.58     22.15 
    20.08     12.24     10.15     20.74     24.56     21.93     22.20     22.52 
    20.55     12.26     10.47     21.08     25.70     23.26     22.46     23.36 
    20.14     12.77     10.95     22.81     26.97     23.20     22.62     23.30 
    21.74     13.05     11.22     25.26     29.59     22.93     22.43     24.05 
    22.69     13.50     11.41     22.75     27.24     21.87     20.34     23.76 
    21.96     12.41      9.88     20.01     23.40     18.03     17.21     20.53 
    19.84     10.37      8.19     15.39     18.68     17.62     17.65     19.18 
    17.14      9.33      7.94     15.88     19.91     19.29     19.42     20.73 
    16.69     10.55      9.30     19.50     24.14     22.72     22.62     24.57 
    19.62     13.06     11.40     25.96     31.96     28.60     27.62     29.70 
    24.80     16.69     14.29     40.71     47.52     35.38     33.70     34.41 
    31.21     21.08     17.81     51.30     59.94     38.97     38.74     39.92 
    37.87     24.80     21.71     53.26     71.52     42.00     43.91     43.80 
    42.47     28.51     25.32     75.48     89.38     49.80     50.50     56.33 
    54.08     38.59     32.94     77.77    115.62     65.26     60.64     66.73 
    65.90     51.63     43.54    101.09    142.40     82.78     73.15     87.78 
    93.69     76.59     74.94    149.76    172.44    119.37    106.67    129.83 
   171.52    126.29    145.09    554.30    327.55    168.41    235.69    291.22 
   342.39    421.71    720.76   1428.50   -999.00    575.00    575.00    575.00 
   536.23    728.93    857.98   -999.00   -999.00   -999.00   -999.00   -999.00 
  -999.00   -999.00   -999.00   1244.60   1244.60   1244.60   -999.00   -999.00 
  -999.00   -999.00   -999.00   -999.00   -999.00   -999.00   -999.00   -999.00 
  -999.00   -999.00   -999.00   -999.00   -999.00   -999.00   -999.00   -999.00 
  -999.00   -999.00   -999.00   -999.00   -999.00   -999.00   -999.00   -999.00 
  -999.00   -999.00   -999.00   -999.00   -999.00   -999.00   -999.00   -999.00 
  -999.00   -999.00   -999.00   -999.00   -999.00   -999.00   -999.00   -999.00 
  -999.00   -999.00   -999.00   -999.00   -999.00   -999.00   -999.00   -999.00 
  -999.00   -999.00   -999.00   -999.00   -999.00   -999.00   -999.00   -999.00 
  -999.00   -999.00   -999.00   -999.00   -999.00   -999.00   -999.00   -999.00 
  -999.00   -999.00   -999.00   -999.00   -999.00   -999.00   -999.00   -999.00 
  -999.00   -999.00   -999.00   -999.00   -999.00   -999.00   -999.00   -999.00 
  -999.00   -999.00   -999.00   -999.00   -999.00   -999.00   -999.00   -999.00 
  -999.00   -999.00   -999.00   -999.00   -999.00   -999.00   -999.00   -999.00 
  -999.00   -999.00   -999.00   -999.00   -999.00   -999.00   -999.00   -999.00 
  -999.00   -999.00   -999.00   -999.00   -999.00   -999.00   -999.00   -999.00 
  -999.00   -999.00   -999.00   -999.00   -999.00    951.55    951.55    951.55 
  -999.00   -999.00   -999.00   -999.00   -999.00   -999.00   -999.00   -999.00 
  -999.00   -999.00   -999.00   -999.00   -999.00   -999.00   -999.00   -999.00 
  -999.00   -999.00   -999.00   -999.00   -999.00   -999.00   -999.00   -999.00 
  -999.00   -999.00   -999.00   -999.00   -999.00   -999.00   -999.00   -999.00 
  -999.00   -999.00   -999.00   -999.00   -999.00   -999.00   -999.00   -999.00 
  -999.00   -999.00   -999.00   -999.00   -999.00   -999.00   -999.00   -999.00 
  -999.00   -999.00   -999.00   -999.00   -999.00   -999.00   -999.00   -999.00 
  -999.00   -999.00   -999.00   -999.00   -999.00   -999.00   -999.00   -999.00 
